# {'Language': 'Norwegian', 'Region': 'PFC', 'Participant': 'PFC034', 'Session': 'S1', 'Block': 'B2', 'date': '2022_Oct_25_1737', 'expName': 'FTRSGT_rTMS', 'frameRate': 59.94287432678476}
region,subj,block,trial,proberound,probetrial,time,stimulus,response
PFC,PFC034,B2,1,1,1,0.0001377002,stimulus,
PFC,PFC034,B2,2,1,2,0.7501007002,stimulus,
PFC,PFC034,B2,2,1,2,0.7787832003,tap,lctrl
PFC,PFC034,B2,2,1,2,0.8108073999,tap,backslash
PFC,PFC034,B2,3,1,3,1.5001155003,stimulus,
PFC,PFC034,B2,3,1,3,1.5467793001,tap,rctrl
PFC,PFC034,B2,4,1,4,2.2501278003,stimulus,
PFC,PFC034,B2,4,1,4,2.3468036000,tap,lctrl
PFC,PFC034,B2,5,1,5,3.0001428002,stimulus,
PFC,PFC034,B2,5,1,5,3.1147638001,tap,rctrl
PFC,PFC034,B2,6,1,6,3.7501544999,stimulus,
PFC,PFC034,B2,6,1,6,3.8028173000,tap,rctrl
PFC,PFC034,B2,6,1,6,4.4908918999,tap,lctrl
PFC,PFC034,B2,7,1,7,4.5001663002,stimulus,
PFC,PFC034,B2,8,1,8,5.2501850999,stimulus,
PFC,PFC034,B2,8,1,8,5.2587742000,tap,rctrl
PFC,PFC034,B2,8,1,8,5.9947480001,tap,lctrl
PFC,PFC034,B2,9,1,9,6.0001917002,stimulus,
PFC,PFC034,B2,9,1,9,6.7467877003,tap,lctrl
PFC,PFC034,B2,10,1,10,6.7502099001,stimulus,
PFC,PFC034,B2,11,1,11,7.5002546003,stimulus,
PFC,PFC034,B2,11,1,11,7.5148127000,tap,rctrl
PFC,PFC034,B2,12,1,12,8.2502625999,stimulus,
PFC,PFC034,B2,12,1,12,8.2511648000,tap,lctrl
PFC,PFC034,B2,13,1,13,9.0002735001,stimulus,
PFC,PFC034,B2,13,1,13,9.0348246000,tap,rctrl
PFC,PFC034,B2,14,1,14,9.7502889000,stimulus,
PFC,PFC034,B2,14,1,14,9.7707731002,tap,lctrl
PFC,PFC034,B2,15,1,15,10.5003065001,stimulus,
PFC,PFC034,B2,15,1,15,10.5067290999,tap,lctrl
PFC,PFC034,B2,15,1,15,11.2267940002,tap,lctrl
PFC,PFC034,B2,16,1,16,11.2503040000,stimulus,
PFC,PFC034,B2,16,1,16,11.9627499003,tap,rctrl
PFC,PFC034,B2,17,1,17,12.0003184001,stimulus,
PFC,PFC034,B2,18,1,18,12.7503420999,stimulus,
PFC,PFC034,B2,18,1,18,12.7948706001,tap,lctrl
PFC,PFC034,B2,19,1,19,13.5003601001,stimulus,
PFC,PFC034,B2,19,1,19,13.5307131000,tap,rctrl
PFC,PFC034,B2,19,1,19,14.2188095003,tap,rctrl
PFC,PFC034,B2,20,1,20,14.2503581000,stimulus,
PFC,PFC034,B2,20,1,20,14.9387008003,tap,rctrl
PFC,PFC034,B2,21,1,21,15.0004019001,stimulus,
PFC,PFC034,B2,22,1,22,15.7504296000,stimulus,
PFC,PFC034,B2,22,1,22,15.7547304002,tap,rctrl
PFC,PFC034,B2,23,1,23,16.5004178002,stimulus,
PFC,PFC034,B2,23,1,23,16.5867957999,tap,lctrl
PFC,PFC034,B2,23,1,23,17.2427612003,tap,rctrl
PFC,PFC034,B2,24,1,24,17.2504154001,stimulus,
PFC,PFC034,B2,24,1,24,17.9627916999,tap,lctrl
PFC,PFC034,B2,25,1,25,18.0004590000,stimulus,
PFC,PFC034,B2,25,1,25,18.7307581999,tap,rctrl
PFC,PFC034,B2,26,1,26,18.7504513003,stimulus,
PFC,PFC034,B2,26,1,26,19.4668016001,tap,lctrl
PFC,PFC034,B2,27,1,27,19.5004655002,stimulus,
PFC,PFC034,B2,27,1,27,20.2347385003,tap,lctrl
PFC,PFC034,B2,28,1,28,20.2504905001,stimulus,
PFC,PFC034,B2,28,1,28,20.9707764001,tap,lctrl
PFC,PFC034,B2,29,1,29,21.0004977002,stimulus,
PFC,PFC034,B2,29,1,29,21.7227941002,tap,lctrl
PFC,PFC034,B2,30,1,30,21.7505077999,stimulus,
PFC,PFC034,B2,31,1,31,22.5005355002,stimulus,
PFC,PFC034,B2,31,1,31,22.5387456003,tap,rctrl
PFC,PFC034,B2,32,1,32,23.2505526002,stimulus,
PFC,PFC034,B2,32,1,32,23.2587437001,tap,lctrl
PFC,PFC034,B2,32,1,32,23.9628854003,tap,rctrl
PFC,PFC034,B2,33,1,33,24.0005538999,stimulus,
PFC,PFC034,B2,33,1,33,24.6988369999,tap,rctrl
PFC,PFC034,B2,34,1,34,24.7505749003,stimulus,
PFC,PFC034,B2,34,1,34,25.4507198003,tap,rctrl
PFC,PFC034,B2,35,1,35,25.5005798000,stimulus,
PFC,PFC034,B2,35,1,35,26.2027469999,tap,lctrl
PFC,PFC034,B2,36,1,36,26.2505922001,stimulus,
PFC,PFC034,B2,36,1,36,26.9867999000,tap,rctrl
PFC,PFC034,B2,37,1,37,27.0006130002,stimulus,
PFC,PFC034,B2,37,1,37,27.7388132000,tap,rctrl
PFC,PFC034,B2,38,1,38,27.7506280001,stimulus,
PFC,PFC034,B2,38,1,38,28.4747029999,tap,lctrl
PFC,PFC034,B2,39,1,39,28.5006376002,stimulus,
PFC,PFC034,B2,39,1,39,29.2267372003,tap,rctrl
PFC,PFC034,B2,40,1,40,29.2506500003,stimulus,
PFC,PFC034,B2,40,1,40,29.9947958002,tap,lctrl
PFC,PFC034,B2,41,1,41,30.0006683003,stimulus,
PFC,PFC034,B2,41,1,41,30.7467475999,tap,lctrl
PFC,PFC034,B2,42,1,42,30.7506813002,stimulus,
PFC,PFC034,B2,42,1,42,31.4987814999,tap,rctrl
PFC,PFC034,B2,43,1,43,31.5006941003,stimulus,
PFC,PFC034,B2,44,1,44,32.2507141000,stimulus,
PFC,PFC034,B2,44,1,44,32.3307661000,tap,lctrl
PFC,PFC034,B2,45,1,45,33.0007393002,stimulus,
PFC,PFC034,B2,45,1,45,33.0027913000,tap,rctrl
PFC,PFC034,B2,45,1,45,33.7227332001,tap,rctrl
PFC,PFC034,B2,46,1,46,33.7507393002,stimulus,
PFC,PFC034,B2,46,1,46,34.4587762002,tap,rctrl
PFC,PFC034,B2,47,1,47,34.5007463000,stimulus,
PFC,PFC034,B2,47,1,47,35.2427352001,tap,lctrl
PFC,PFC034,B2,48,1,48,35.2507588002,stimulus,
PFC,PFC034,B2,48,1,48,35.9787323000,tap,rctrl
PFC,PFC034,B2,49,1,49,36.0007755002,stimulus,
PFC,PFC034,B2,49,1,49,36.6827286002,tap,lctrl
PFC,PFC034,B2,50,1,50,36.7508018999,stimulus,
PFC,PFC034,B2,50,1,50,37.4827616001,tap,lctrl
PFC,PFC034,B2,51,1,51,37.5008066003,stimulus,
PFC,PFC034,B2,51,1,51,38.2347524003,tap,lctrl
PFC,PFC034,B2,52,1,52,38.2508189003,stimulus,
PFC,PFC034,B2,52,1,52,38.9867988001,tap,rctrl
PFC,PFC034,B2,53,1,53,39.0008347002,stimulus,
PFC,PFC034,B2,54,1,54,39.7508551003,stimulus,
PFC,PFC034,B2,54,1,54,39.7867642003,tap,lctrl
PFC,PFC034,B2,55,1,55,40.5008708001,stimulus,
PFC,PFC034,B2,55,1,55,40.5067811999,tap,rctrl
PFC,PFC034,B2,55,1,55,41.2427634001,tap,lctrl
PFC,PFC034,B2,56,1,56,41.2508792002,stimulus,
PFC,PFC034,B2,56,1,56,41.9307761001,tap,rctrl
PFC,PFC034,B2,57,1,57,42.0009021000,stimulus,
PFC,PFC034,B2,57,1,57,42.7309833001,tap,rctrl
PFC,PFC034,B2,58,1,58,42.7509032004,stimulus,
PFC,PFC034,B2,58,1,58,43.4987744000,tap,rctrl
PFC,PFC034,B2,59,1,58,47.5209535002,probe1,1
PFC,PFC034,B2,59,1,58,49.8733100002,probe2,3
PFC,PFC034,B2,59,1,58,53.8758437000,probe3,1
PFC,PFC034,B2,60,2,1,54.6440591002,stimulus,
PFC,PFC034,B2,61,2,2,55.3939351002,stimulus,
PFC,PFC034,B2,61,2,2,55.4026969001,tap,rctrl
PFC,PFC034,B2,61,2,2,56.1387478001,tap,lctrl
PFC,PFC034,B2,62,2,3,56.1439369000,stimulus,
PFC,PFC034,B2,63,2,4,56.8939662003,stimulus,
PFC,PFC034,B2,63,2,4,56.9227407002,tap,rctrl
PFC,PFC034,B2,64,2,5,57.6439830000,stimulus,
PFC,PFC034,B2,64,2,5,57.6907255002,tap,lctrl
PFC,PFC034,B2,65,2,6,58.3939895001,stimulus,
PFC,PFC034,B2,65,2,6,58.4427389000,tap,rctrl
PFC,PFC034,B2,65,2,6,59.1309046000,tap,rctrl
PFC,PFC034,B2,66,2,7,59.1439954001,stimulus,
PFC,PFC034,B2,66,2,7,59.8827530001,tap,lctrl
PFC,PFC034,B2,67,2,8,59.8940128000,stimulus,
PFC,PFC034,B2,67,2,8,60.5868041003,tap,rctrl
PFC,PFC034,B2,68,2,9,60.6440316001,stimulus,
PFC,PFC034,B2,68,2,9,61.3067586999,tap,lctrl
PFC,PFC034,B2,69,2,10,61.3940408002,stimulus,
PFC,PFC034,B2,69,2,10,62.0747202002,tap,rctrl
PFC,PFC034,B2,70,2,11,62.1440478000,stimulus,
PFC,PFC034,B2,71,2,12,62.8940679003,stimulus,
PFC,PFC034,B2,71,2,12,62.9067919003,tap,lctrl
PFC,PFC034,B2,72,2,13,63.6440860000,stimulus,
PFC,PFC034,B2,72,2,13,63.6587237003,tap,rctrl
PFC,PFC034,B2,73,2,14,64.3940948001,stimulus,
PFC,PFC034,B2,73,2,14,64.4267636002,tap,rctrl
PFC,PFC034,B2,74,2,15,65.1441062000,stimulus,
PFC,PFC034,B2,74,2,15,65.1947392002,tap,rctrl
PFC,PFC034,B2,75,2,16,65.8941227002,stimulus,
PFC,PFC034,B2,75,2,16,65.9308091002,tap,rctrl
PFC,PFC034,B2,76,2,17,66.6441381001,stimulus,
PFC,PFC034,B2,76,2,17,66.6506884000,tap,lctrl
PFC,PFC034,B2,76,2,17,67.3866896001,tap,rctrl
PFC,PFC034,B2,77,2,18,67.3941396000,stimulus,
PFC,PFC034,B2,77,2,18,68.1227800003,tap,lctrl
PFC,PFC034,B2,78,2,19,68.1441569002,stimulus,
PFC,PFC034,B2,79,2,20,68.8941800003,stimulus,
PFC,PFC034,B2,79,2,20,68.9067466999,tap,lctrl
PFC,PFC034,B2,79,2,20,69.6267281002,tap,rctrl
PFC,PFC034,B2,80,2,21,69.6442082999,stimulus,
PFC,PFC034,B2,81,2,22,70.3942066003,stimulus,
PFC,PFC034,B2,81,2,22,70.3947757003,tap,lctrl
PFC,PFC034,B2,82,2,23,71.1442200001,stimulus,
PFC,PFC034,B2,82,2,23,71.1467648000,tap,rctrl
PFC,PFC034,B2,83,2,24,71.8942341004,stimulus,
PFC,PFC034,B2,83,2,24,71.8987586000,tap,lctrl
PFC,PFC034,B2,84,2,25,72.6442441000,stimulus,
PFC,PFC034,B2,84,2,25,72.6827016002,tap,lctrl
PFC,PFC034,B2,85,2,26,73.3942555999,stimulus,
PFC,PFC034,B2,85,2,26,73.4347617002,tap,lctrl
PFC,PFC034,B2,86,2,27,74.1442749002,stimulus,
PFC,PFC034,B2,86,2,27,74.1866997001,tap,lctrl
PFC,PFC034,B2,87,2,28,74.8942845999,stimulus,
PFC,PFC034,B2,87,2,28,74.9387944001,tap,lctrl
PFC,PFC034,B2,88,2,29,75.6442940002,stimulus,
PFC,PFC034,B2,88,2,29,75.6746840002,tap,rctrl
PFC,PFC034,B2,89,2,30,76.3943028003,stimulus,
PFC,PFC034,B2,89,2,30,76.4107623002,tap,lctrl
PFC,PFC034,B2,89,2,30,77.1307534003,tap,rctrl
PFC,PFC034,B2,90,2,31,77.1443126001,stimulus,
PFC,PFC034,B2,91,2,32,77.8943404001,stimulus,
PFC,PFC034,B2,91,2,32,77.9147518999,tap,rctrl
PFC,PFC034,B2,92,2,33,78.6443506000,stimulus,
PFC,PFC034,B2,92,2,33,78.6506743999,tap,lctrl
PFC,PFC034,B2,93,2,34,79.3943612999,stimulus,
PFC,PFC034,B2,93,2,34,79.4187705000,tap,rctrl
PFC,PFC034,B2,94,2,35,80.1443910999,stimulus,
PFC,PFC034,B2,94,2,35,80.1707347003,tap,lctrl
PFC,PFC034,B2,94,2,35,80.8747066003,tap,rctrl
PFC,PFC034,B2,95,2,36,80.8943841001,stimulus,
PFC,PFC034,B2,95,2,36,81.5946963001,tap,lctrl
PFC,PFC034,B2,96,2,37,81.6444091001,stimulus,
PFC,PFC034,B2,96,2,37,82.3627289003,tap,rctrl
PFC,PFC034,B2,97,2,38,82.3944187001,stimulus,
PFC,PFC034,B2,98,2,39,83.1444439003,stimulus,
PFC,PFC034,B2,98,2,39,83.1466920003,tap,rctrl
PFC,PFC034,B2,99,2,40,83.8944550003,stimulus,
PFC,PFC034,B2,99,2,40,83.9627834000,tap,rctrl
PFC,PFC034,B2,100,2,41,84.6444697003,stimulus,
PFC,PFC034,B2,100,2,41,84.6827374999,tap,rctrl
PFC,PFC034,B2,101,2,42,85.3944807001,stimulus,
PFC,PFC034,B2,101,2,42,85.4347154000,tap,rctrl
PFC,PFC034,B2,102,2,43,86.1444939002,stimulus,
PFC,PFC034,B2,102,2,43,86.2187711000,tap,lctrl
PFC,PFC034,B2,103,2,44,86.8945105001,stimulus,
PFC,PFC034,B2,103,2,44,86.9387288000,tap,rctrl
PFC,PFC034,B2,104,2,45,87.6445220001,stimulus,
PFC,PFC034,B2,104,2,45,87.7066469002,tap,lctrl
PFC,PFC034,B2,105,2,46,88.3945339001,stimulus,
PFC,PFC034,B2,105,2,46,88.5067145000,tap,lctrl
PFC,PFC034,B2,106,2,47,89.1445476003,stimulus,
PFC,PFC034,B2,106,2,47,89.2267586002,tap,rctrl
PFC,PFC034,B2,107,2,48,89.8945655003,stimulus,
PFC,PFC034,B2,107,2,48,89.9307210003,tap,lctrl
PFC,PFC034,B2,108,2,49,90.6445778999,stimulus,
PFC,PFC034,B2,108,2,49,90.6507401001,tap,rctrl
PFC,PFC034,B2,108,2,49,91.3866920001,tap,lctrl
PFC,PFC034,B2,109,2,50,91.3945812001,stimulus,
PFC,PFC034,B2,110,2,51,92.1446079002,stimulus,
PFC,PFC034,B2,110,2,51,92.1547079002,tap,rctrl
PFC,PFC034,B2,111,2,52,92.8946264000,stimulus,
PFC,PFC034,B2,111,2,52,92.9226877000,tap,lctrl
PFC,PFC034,B2,112,2,53,93.6446401002,stimulus,
PFC,PFC034,B2,112,2,53,93.6587710003,tap,rctrl
PFC,PFC034,B2,113,2,54,94.3946555001,stimulus,
PFC,PFC034,B2,113,2,54,94.4107109001,tap,rctrl
PFC,PFC034,B2,114,2,55,95.1446748003,stimulus,
PFC,PFC034,B2,114,2,55,95.1627137000,tap,rctrl
PFC,PFC034,B2,115,2,56,95.8946924000,stimulus,
PFC,PFC034,B2,115,2,56,95.9467305001,tap,lctrl
PFC,PFC034,B2,116,2,57,96.6447047000,stimulus,
PFC,PFC034,B2,116,2,57,96.6667024000,tap,rctrl
PFC,PFC034,B2,116,2,57,97.3707156000,tap,lctrl
PFC,PFC034,B2,117,2,58,97.3947096001,stimulus,
PFC,PFC034,B2,117,2,58,98.1227186001,tap,rctrl
PFC,PFC034,B2,118,2,59,98.1447252003,stimulus,
PFC,PFC034,B2,118,2,59,98.8907181001,tap,lctrl
PFC,PFC034,B2,119,2,60,98.8947458002,stimulus,
PFC,PFC034,B2,119,2,60,99.6107850000,tap,lctrl
PFC,PFC034,B2,120,2,61,99.6447580000,stimulus,
PFC,PFC034,B2,120,2,61,100.3628023001,tap,lctrl
PFC,PFC034,B2,121,2,62,100.3947735000,stimulus,
PFC,PFC034,B2,122,2,62,104.5836381000,probe1,3
PFC,PFC034,B2,122,2,62,112.1079726000,probe2,1
PFC,PFC034,B2,122,2,62,118.3291911003,probe3,1
PFC,PFC034,B2,123,3,1,119.0964895999,stimulus,
PFC,PFC034,B2,123,3,1,119.3867441001,tap,rctrl
PFC,PFC034,B2,124,3,2,119.8463283000,stimulus,
PFC,PFC034,B2,124,3,2,119.9306772002,tap,lctrl
PFC,PFC034,B2,125,3,3,120.5963576999,stimulus,
PFC,PFC034,B2,125,3,3,120.6826639003,tap,rctrl
PFC,PFC034,B2,126,3,4,121.3463616003,stimulus,
PFC,PFC034,B2,126,3,4,121.3868517000,tap,lctrl
PFC,PFC034,B2,127,3,5,122.0963805001,stimulus,
PFC,PFC034,B2,127,3,5,122.1386613003,tap,lctrl
PFC,PFC034,B2,128,3,6,122.8463933002,stimulus,
PFC,PFC034,B2,128,3,6,122.8587173000,tap,rctrl
PFC,PFC034,B2,129,3,7,123.5964095001,stimulus,
PFC,PFC034,B2,129,3,7,123.6266719000,tap,lctrl
PFC,PFC034,B2,130,3,8,124.3464323003,stimulus,
PFC,PFC034,B2,130,3,8,124.3946760003,tap,rctrl
PFC,PFC034,B2,131,3,9,125.0964446999,stimulus,
PFC,PFC034,B2,131,3,9,125.1146597001,tap,lctrl
PFC,PFC034,B2,131,3,9,125.8186822003,tap,lctrl
PFC,PFC034,B2,132,3,10,125.8464496001,stimulus,
PFC,PFC034,B2,132,3,10,126.5546525000,tap,lctrl
PFC,PFC034,B2,133,3,11,126.5964555000,stimulus,
PFC,PFC034,B2,133,3,11,127.2906680000,tap,lctrl
PFC,PFC034,B2,134,3,12,127.3464748999,stimulus,
PFC,PFC034,B2,134,3,12,128.0267278999,tap,rctrl
PFC,PFC034,B2,135,3,13,128.0964966002,stimulus,
PFC,PFC034,B2,135,3,13,128.7947284002,tap,lctrl
PFC,PFC034,B2,136,3,14,128.8465109002,stimulus,
PFC,PFC034,B2,136,3,14,129.5786740002,tap,rctrl
PFC,PFC034,B2,137,3,15,129.5965251001,stimulus,
PFC,PFC034,B2,138,3,16,130.3465452003,stimulus,
PFC,PFC034,B2,138,3,16,130.3947236002,tap,rctrl
PFC,PFC034,B2,139,3,17,131.0965612000,stimulus,
PFC,PFC034,B2,139,3,17,131.1786927003,tap,rctrl
PFC,PFC034,B2,140,3,18,131.8465731000,stimulus,
PFC,PFC034,B2,140,3,18,131.8506788001,tap,lctrl
PFC,PFC034,B2,140,3,18,132.5546929003,tap,rctrl
PFC,PFC034,B2,141,3,19,132.5965750003,stimulus,
PFC,PFC034,B2,141,3,19,133.2906617001,tap,lctrl
PFC,PFC034,B2,142,3,20,133.3465948002,stimulus,
PFC,PFC034,B2,142,3,20,134.0426984001,tap,lctrl
PFC,PFC034,B2,143,3,21,134.0966187003,stimulus,
PFC,PFC034,B2,143,3,21,134.8266859003,tap,rctrl
PFC,PFC034,B2,144,3,22,134.8466269001,stimulus,
PFC,PFC034,B2,145,3,23,135.5966469003,stimulus,
PFC,PFC034,B2,145,3,23,135.6267201002,tap,lctrl
PFC,PFC034,B2,146,3,24,136.3466687002,stimulus,
PFC,PFC034,B2,146,3,24,136.3626792999,tap,rctrl
PFC,PFC034,B2,147,3,25,137.0966857001,stimulus,
PFC,PFC034,B2,147,3,25,137.1627031001,tap,rctrl
PFC,PFC034,B2,148,3,26,137.8467010004,stimulus,
PFC,PFC034,B2,148,3,26,137.8827241003,tap,rctrl
PFC,PFC034,B2,148,3,26,138.5866775000,tap,rctrl
PFC,PFC034,B2,149,3,27,138.5967000001,stimulus,
PFC,PFC034,B2,149,3,27,139.2587196003,tap,lctrl
PFC,PFC034,B2,150,3,28,139.3467186000,stimulus,
PFC,PFC034,B2,150,3,28,140.0586673999,tap,rctrl
PFC,PFC034,B2,151,3,29,140.0967320004,stimulus,
PFC,PFC034,B2,151,3,29,140.7947197002,tap,lctrl
PFC,PFC034,B2,152,3,30,140.8467488000,stimulus,
PFC,PFC034,B2,152,3,30,141.5786068002,tap,lctrl
PFC,PFC034,B2,153,3,31,141.5967558003,stimulus,
PFC,PFC034,B2,153,3,31,142.3306944002,tap,lctrl
PFC,PFC034,B2,154,3,32,142.3467863002,stimulus,
PFC,PFC034,B2,154,3,32,143.0506828004,tap,lctrl
PFC,PFC034,B2,155,3,33,143.0967844003,stimulus,
PFC,PFC034,B2,155,3,33,143.8026556000,tap,rctrl
PFC,PFC034,B2,156,3,34,143.8467902001,stimulus,
PFC,PFC034,B2,156,3,34,144.5867074002,tap,lctrl
PFC,PFC034,B2,157,3,35,144.5968140000,stimulus,
PFC,PFC034,B2,157,3,35,145.3386680000,tap,rctrl
PFC,PFC034,B2,158,3,36,145.3468281999,stimulus,
PFC,PFC034,B2,158,3,36,146.0906986999,tap,rctrl
PFC,PFC034,B2,159,3,37,146.0968408999,stimulus,
PFC,PFC034,B2,159,3,37,146.8266651002,tap,rctrl
PFC,PFC034,B2,160,3,38,146.8468561000,stimulus,
PFC,PFC034,B2,160,3,38,147.5786562003,tap,rctrl
PFC,PFC034,B2,161,3,39,147.5968740000,stimulus,
PFC,PFC034,B2,162,3,40,148.3468974000,stimulus,
PFC,PFC034,B2,162,3,40,148.3626075001,tap,lctrl
PFC,PFC034,B2,162,3,40,149.0826813001,tap,rctrl
PFC,PFC034,B2,163,3,41,149.0968946000,stimulus,
PFC,PFC034,B2,163,3,41,149.8186673000,tap,lctrl
PFC,PFC034,B2,164,3,42,149.8469068999,stimulus,
PFC,PFC034,B2,164,3,42,150.5707045002,tap,rctrl
PFC,PFC034,B2,165,3,43,150.5969265001,stimulus,
PFC,PFC034,B2,165,3,43,151.3066679002,tap,rctrl
PFC,PFC034,B2,166,3,44,151.3469463000,stimulus,
PFC,PFC034,B2,167,3,45,152.0969640003,stimulus,
PFC,PFC034,B2,167,3,45,152.1226932001,tap,lctrl
PFC,PFC034,B2,167,3,45,152.8426614003,tap,lctrl
PFC,PFC034,B2,168,3,46,152.8469652003,stimulus,
PFC,PFC034,B2,168,3,46,153.5786579000,tap,lctrl
PFC,PFC034,B2,169,3,47,153.5969884000,stimulus,
PFC,PFC034,B2,169,3,47,154.3306992003,tap,rctrl
PFC,PFC034,B2,170,3,48,154.3469957002,stimulus,
PFC,PFC034,B2,170,3,48,155.0826539001,tap,lctrl
PFC,PFC034,B2,171,3,49,155.0970107000,stimulus,
PFC,PFC034,B2,171,3,49,155.8346472001,tap,rctrl
PFC,PFC034,B2,172,3,50,155.8470282000,stimulus,
PFC,PFC034,B2,173,3,51,156.5970542002,stimulus,
PFC,PFC034,B2,173,3,51,156.6027074000,tap,rctrl
PFC,PFC034,B2,173,3,51,157.3386367001,tap,rctrl
PFC,PFC034,B2,174,3,52,157.3470549001,stimulus,
PFC,PFC034,B2,175,3,53,158.0970768002,stimulus,
PFC,PFC034,B2,175,3,53,158.1066509001,tap,lctrl
PFC,PFC034,B2,175,3,53,158.7946271002,tap,rctrl
PFC,PFC034,B2,176,3,54,158.8470847001,stimulus,
PFC,PFC034,B2,176,3,54,159.5146806003,tap,lctrl
PFC,PFC034,B2,177,3,55,159.5971080000,stimulus,
PFC,PFC034,B2,177,3,55,160.2986556999,tap,rctrl
PFC,PFC034,B2,178,3,56,160.3471160000,stimulus,
PFC,PFC034,B2,178,3,56,161.0346077001,tap,rctrl
PFC,PFC034,B2,179,3,57,161.0971233002,stimulus,
PFC,PFC034,B2,180,3,58,161.8471486000,stimulus,
PFC,PFC034,B2,180,3,58,161.8506932999,tap,rctrl
PFC,PFC034,B2,181,3,59,162.5971708000,stimulus,
PFC,PFC034,B2,181,3,59,162.6666563000,tap,rctrl
PFC,PFC034,B2,182,3,60,163.3471837002,stimulus,
PFC,PFC034,B2,182,3,60,163.3706173999,tap,rctrl
PFC,PFC034,B2,182,3,60,164.0587020000,tap,lctrl
PFC,PFC034,B2,183,3,61,164.0971901002,stimulus,
PFC,PFC034,B2,183,3,61,164.7786544003,tap,rctrl
PFC,PFC034,B2,184,3,62,164.8472154001,stimulus,
PFC,PFC034,B2,184,3,62,165.5946813002,tap,lctrl
PFC,PFC034,B2,185,3,63,165.5972213000,stimulus,
PFC,PFC034,B2,186,3,64,166.3472478003,stimulus,
PFC,PFC034,B2,186,3,64,166.3786679003,tap,rctrl
PFC,PFC034,B2,186,3,64,167.0826364001,tap,rctrl
PFC,PFC034,B2,187,3,65,167.0972519000,stimulus,
PFC,PFC034,B2,187,3,65,167.8187196003,tap,lctrl
PFC,PFC034,B2,188,3,66,167.8472669004,stimulus,
PFC,PFC034,B2,188,3,66,168.5546976002,tap,rctrl
PFC,PFC034,B2,189,3,67,168.5972777000,stimulus,
PFC,PFC034,B2,189,3,67,169.2906622002,tap,lctrl
PFC,PFC034,B2,190,3,68,169.3472839002,stimulus,
PFC,PFC034,B2,190,3,68,170.0746539002,tap,rctrl
PFC,PFC034,B2,191,3,68,173.1737857000,probe1,1
PFC,PFC034,B2,191,3,68,182.1144930003,probe2,2
PFC,PFC034,B2,191,3,68,189.0859006001,probe3,1
PFC,PFC034,B2,192,4,1,189.8547137002,stimulus,
PFC,PFC034,B2,192,4,1,190.5386815001,tap,lctrl
PFC,PFC034,B2,193,4,2,190.6046575001,stimulus,
PFC,PFC034,B2,194,4,3,191.3546731002,stimulus,
PFC,PFC034,B2,194,4,3,191.4026678000,tap,rctrl
PFC,PFC034,B2,195,4,4,192.1046928000,stimulus,
PFC,PFC034,B2,195,4,4,192.1226400002,tap,lctrl
PFC,PFC034,B2,196,4,5,192.8547084001,stimulus,
PFC,PFC034,B2,196,4,5,192.8587178001,tap,rctrl
PFC,PFC034,B2,196,4,5,193.2426305003,tap,rctrl
PFC,PFC034,B2,197,4,6,193.6047226000,stimulus,
PFC,PFC034,B2,197,4,6,193.7066024002,tap,rctrl
PFC,PFC034,B2,198,4,7,194.3547384003,stimulus,
PFC,PFC034,B2,198,4,7,194.4266627999,tap,rctrl
PFC,PFC034,B2,199,4,8,195.1047469000,stimulus,
PFC,PFC034,B2,199,4,8,195.1466446002,tap,lctrl
PFC,PFC034,B2,200,4,9,195.8547664001,stimulus,
PFC,PFC034,B2,200,4,9,195.8665849003,tap,rctrl
PFC,PFC034,B2,201,4,10,196.6047817003,stimulus,
PFC,PFC034,B2,201,4,10,196.6506413002,tap,rctrl
PFC,PFC034,B2,202,4,11,197.3547971002,stimulus,
PFC,PFC034,B2,202,4,11,197.4026710000,tap,rctrl
PFC,PFC034,B2,202,4,11,198.0587462001,tap,rctrl
PFC,PFC034,B2,203,4,12,198.1048023002,stimulus,
PFC,PFC034,B2,204,4,13,198.8548303000,stimulus,
PFC,PFC034,B2,204,4,13,198.8586031003,tap,lctrl
PFC,PFC034,B2,205,4,14,199.6048400002,stimulus,
PFC,PFC034,B2,205,4,14,199.6586132003,tap,rctrl
PFC,PFC034,B2,206,4,15,200.3548678001,stimulus,
PFC,PFC034,B2,206,4,15,200.4426239999,tap,lctrl
PFC,PFC034,B2,207,4,16,201.1048745001,stimulus,
PFC,PFC034,B2,207,4,16,201.1466644001,tap,lctrl
PFC,PFC034,B2,207,4,16,201.8345813002,tap,lctrl
PFC,PFC034,B2,208,4,17,201.8548789001,stimulus,
PFC,PFC034,B2,208,4,17,202.5705745001,tap,lctrl
PFC,PFC034,B2,209,4,18,202.6048857002,stimulus,
PFC,PFC034,B2,209,4,18,203.3547365000,tap,lctrl
PFC,PFC034,B2,210,4,19,203.3550567003,stimulus,
PFC,PFC034,B2,211,4,20,204.1050499999,stimulus,
PFC,PFC034,B2,211,4,20,204.1386027001,tap,rctrl
PFC,PFC034,B2,212,4,21,204.8550611003,stimulus,
PFC,PFC034,B2,212,4,21,204.8746752003,tap,lctrl
PFC,PFC034,B2,213,4,22,205.6050717002,stimulus,
PFC,PFC034,B2,213,4,22,205.6426348002,tap,rctrl
PFC,PFC034,B2,214,4,23,206.3550896002,stimulus,
PFC,PFC034,B2,214,4,23,206.3946791999,tap,rctrl
PFC,PFC034,B2,215,4,24,207.1051031002,stimulus,
PFC,PFC034,B2,215,4,24,207.1946082003,tap,rctrl
PFC,PFC034,B2,216,4,25,207.8551142002,stimulus,
PFC,PFC034,B2,216,4,25,207.8986456003,tap,lctrl
PFC,PFC034,B2,216,4,25,208.6025987002,tap,rctrl
PFC,PFC034,B2,217,4,26,208.6051139003,stimulus,
PFC,PFC034,B2,218,4,27,209.3551382003,stimulus,
PFC,PFC034,B2,218,4,27,209.3866042001,tap,lctrl
PFC,PFC034,B2,219,4,28,210.1051517003,stimulus,
PFC,PFC034,B2,219,4,28,210.1386013003,tap,rctrl
PFC,PFC034,B2,220,4,29,210.8551695002,stimulus,
PFC,PFC034,B2,220,4,29,210.9066089001,tap,rctrl
PFC,PFC034,B2,221,4,30,211.6051835003,stimulus,
PFC,PFC034,B2,221,4,30,211.6105547003,tap,lctrl
PFC,PFC034,B2,222,4,31,212.3551989002,stimulus,
PFC,PFC034,B2,222,4,31,212.3627120000,tap,rctrl
PFC,PFC034,B2,223,4,32,213.1052153003,stimulus,
PFC,PFC034,B2,223,4,32,213.1147071002,tap,lctrl
PFC,PFC034,B2,223,4,32,213.8346269000,tap,lctrl
PFC,PFC034,B2,224,4,33,213.8552179001,stimulus,
PFC,PFC034,B2,225,4,34,214.6052455003,stimulus,
PFC,PFC034,B2,225,4,34,214.6187143000,tap,lctrl
PFC,PFC034,B2,226,4,35,215.3552596001,stimulus,
PFC,PFC034,B2,226,4,35,215.4025760000,tap,lctrl
PFC,PFC034,B2,227,4,36,216.1052680002,stimulus,
PFC,PFC034,B2,227,4,36,216.1546262000,tap,rctrl
PFC,PFC034,B2,228,4,37,216.8552764002,stimulus,
PFC,PFC034,B2,228,4,37,216.9226639001,tap,lctrl
PFC,PFC034,B2,229,4,38,217.6052920003,stimulus,
PFC,PFC034,B2,229,4,38,217.6746274000,tap,rctrl
PFC,PFC034,B2,230,4,39,218.3553003999,stimulus,
PFC,PFC034,B2,230,4,39,218.4106013002,tap,rctrl
PFC,PFC034,B2,231,4,40,219.1053158003,stimulus,
PFC,PFC034,B2,231,4,40,219.1306249001,tap,lctrl
PFC,PFC034,B2,232,4,41,219.8553273999,stimulus,
PFC,PFC034,B2,232,4,41,219.8666066001,tap,rctrl
PFC,PFC034,B2,233,4,42,220.6053424999,stimulus,
PFC,PFC034,B2,233,4,42,220.6186222001,tap,lctrl
PFC,PFC034,B2,234,4,43,221.3553571003,stimulus,
PFC,PFC034,B2,234,4,43,221.4026195002,tap,rctrl
PFC,PFC034,B2,235,4,44,222.1053758003,stimulus,
PFC,PFC034,B2,235,4,44,222.1705998001,tap,rctrl
PFC,PFC034,B2,236,4,45,222.8553877999,stimulus,
PFC,PFC034,B2,236,4,45,222.8585892003,tap,rctrl
PFC,PFC034,B2,236,4,45,223.5945845000,tap,rctrl
PFC,PFC034,B2,237,4,46,223.6053950000,stimulus,
PFC,PFC034,B2,237,4,46,224.3146231002,tap,lctrl
PFC,PFC034,B2,238,4,47,224.3554160004,stimulus,
PFC,PFC034,B2,239,4,48,225.1054322999,stimulus,
PFC,PFC034,B2,239,4,48,225.1147304000,tap,rctrl
PFC,PFC034,B2,239,4,48,225.8346628002,tap,lctrl
PFC,PFC034,B2,240,4,49,225.8554390999,stimulus,
PFC,PFC034,B2,241,4,50,226.6054607001,stimulus,
PFC,PFC034,B2,241,4,50,226.6667507002,tap,lctrl
PFC,PFC034,B2,242,4,51,227.3555004001,stimulus,
PFC,PFC034,B2,242,4,51,227.4026386002,tap,rctrl
PFC,PFC034,B2,243,4,52,228.1055303002,stimulus,
PFC,PFC034,B2,243,4,52,228.1385861002,tap,lctrl
PFC,PFC034,B2,243,4,52,228.8426208999,tap,rctrl
PFC,PFC034,B2,244,4,53,228.8555043000,stimulus,
PFC,PFC034,B2,245,4,54,229.6055292003,stimulus,
PFC,PFC034,B2,245,4,54,229.6106167003,tap,lctrl
PFC,PFC034,B2,245,4,54,230.3306606002,tap,rctrl
PFC,PFC034,B2,246,4,55,230.3555346001,stimulus,
PFC,PFC034,B2,247,4,56,231.1055617002,stimulus,
PFC,PFC034,B2,247,4,56,231.1145947999,tap,rctrl
PFC,PFC034,B2,248,4,57,231.8555831001,stimulus,
PFC,PFC034,B2,248,4,57,231.8666648003,tap,rctrl
PFC,PFC034,B2,249,4,58,232.6055947002,stimulus,
PFC,PFC034,B2,249,4,58,232.6826098999,tap,lctrl
PFC,PFC034,B2,249,4,58,233.3546866002,tap,rctrl
PFC,PFC034,B2,250,4,59,233.3556026001,stimulus,
PFC,PFC034,B2,250,4,59,234.0745943002,tap,lctrl
PFC,PFC034,B2,251,4,60,234.1056108000,stimulus,
PFC,PFC034,B2,252,4,61,234.8556376002,stimulus,
PFC,PFC034,B2,252,4,61,234.8586156000,tap,lctrl
PFC,PFC034,B2,253,4,62,235.6056589000,stimulus,
PFC,PFC034,B2,253,4,62,235.6105829002,tap,lctrl
PFC,PFC034,B2,254,4,63,236.3556704000,stimulus,
PFC,PFC034,B2,254,4,63,236.4266268001,tap,rctrl
PFC,PFC034,B2,255,4,64,237.1056822999,stimulus,
PFC,PFC034,B2,255,4,64,237.1306004999,tap,lctrl
PFC,PFC034,B2,256,4,65,237.8556948001,stimulus,
PFC,PFC034,B2,256,4,65,237.8666111003,tap,rctrl
PFC,PFC034,B2,257,4,66,238.6057096999,stimulus,
PFC,PFC034,B2,257,4,66,238.6346952002,tap,rctrl
PFC,PFC034,B2,258,4,67,239.3557297001,stimulus,
PFC,PFC034,B2,258,4,67,239.3866448002,tap,lctrl
PFC,PFC034,B2,258,4,67,240.0586081999,tap,lctrl
PFC,PFC034,B2,259,4,68,240.1057356000,stimulus,
PFC,PFC034,B2,259,4,68,240.8425905001,tap,lctrl
PFC,PFC034,B2,260,4,69,240.8557441002,stimulus,
PFC,PFC034,B2,261,4,69,247.1672428004,probe1,2
PFC,PFC034,B2,261,4,69,253.3404711001,probe2,2
PFC,PFC034,B2,261,4,69,256.0086339000,probe3,0
PFC,PFC034,B2,262,5,1,256.7757814000,stimulus,
PFC,PFC034,B2,262,5,1,256.9226305000,tap,lctrl
PFC,PFC034,B2,263,5,2,257.5257357000,stimulus,
PFC,PFC034,B2,263,5,2,257.5786162000,tap,rctrl
PFC,PFC034,B2,263,5,2,258.2666018000,tap,lctrl
PFC,PFC034,B2,264,5,3,258.2757387003,stimulus,
PFC,PFC034,B2,264,5,3,258.9865853000,tap,rctrl
PFC,PFC034,B2,265,5,4,259.0257465001,stimulus,
PFC,PFC034,B2,265,5,4,259.7546297000,tap,rctrl
PFC,PFC034,B2,266,5,5,259.7757553002,stimulus,
PFC,PFC034,B2,266,5,5,260.5225938000,tap,rctrl
PFC,PFC034,B2,267,5,6,260.5257712002,stimulus,
PFC,PFC034,B2,268,5,7,261.2757955999,stimulus,
PFC,PFC034,B2,268,5,7,261.3386269002,tap,rctrl
PFC,PFC034,B2,269,5,8,262.0258074002,stimulus,
PFC,PFC034,B2,269,5,8,262.0585703002,tap,lctrl
PFC,PFC034,B2,269,5,8,262.7465836001,tap,rctrl
PFC,PFC034,B2,270,5,9,262.7758098999,stimulus,
PFC,PFC034,B2,270,5,9,263.4506119001,tap,lctrl
PFC,PFC034,B2,271,5,10,263.5258328002,stimulus,
PFC,PFC034,B2,271,5,10,264.1866080002,tap,rctrl
PFC,PFC034,B2,272,5,11,264.2758497000,stimulus,
PFC,PFC034,B2,272,5,11,265.0025599999,tap,rctrl
PFC,PFC034,B2,273,5,12,265.0258504003,stimulus,
PFC,PFC034,B2,274,5,13,265.7758688000,stimulus,
PFC,PFC034,B2,274,5,13,265.7866485002,tap,rctrl
PFC,PFC034,B2,275,5,14,266.5258901999,stimulus,
PFC,PFC034,B2,275,5,14,266.5546375001,tap,rctrl
PFC,PFC034,B2,276,5,15,267.2759023001,stimulus,
PFC,PFC034,B2,276,5,15,267.3706583004,tap,lctrl
PFC,PFC034,B2,277,5,16,268.0259175999,stimulus,
PFC,PFC034,B2,277,5,16,268.0746368002,tap,rctrl
PFC,PFC034,B2,278,5,17,268.7759286002,stimulus,
PFC,PFC034,B2,278,5,17,268.8105663001,tap,lctrl
PFC,PFC034,B2,279,5,18,269.5259431000,stimulus,
PFC,PFC034,B2,279,5,18,269.5625682999,tap,lctrl
PFC,PFC034,B2,279,5,18,270.2665659999,tap,lctrl
PFC,PFC034,B2,280,5,19,270.2759441002,stimulus,
PFC,PFC034,B2,281,5,20,271.0259664999,stimulus,
PFC,PFC034,B2,281,5,20,271.0346313003,tap,rctrl
PFC,PFC034,B2,282,5,21,271.7759823999,stimulus,
PFC,PFC034,B2,282,5,21,271.7865753002,tap,lctrl
PFC,PFC034,B2,283,5,22,272.5259946003,stimulus,
PFC,PFC034,B2,283,5,22,272.5385942999,tap,rctrl
PFC,PFC034,B2,283,5,22,273.2745810002,tap,rctrl
PFC,PFC034,B2,284,5,23,273.2759957002,stimulus,
PFC,PFC034,B2,285,5,24,274.0260191001,stimulus,
PFC,PFC034,B2,285,5,24,274.0585894999,tap,rctrl
PFC,PFC034,B2,286,5,25,274.7760385000,stimulus,
PFC,PFC034,B2,286,5,25,274.8105879002,tap,rctrl
PFC,PFC034,B2,286,5,25,275.5145851001,tap,lctrl
PFC,PFC034,B2,287,5,26,275.5260383999,stimulus,
PFC,PFC034,B2,287,5,26,276.2505982001,tap,rctrl
PFC,PFC034,B2,288,5,27,276.2760629002,stimulus,
PFC,PFC034,B2,288,5,27,277.0025643003,tap,lctrl
PFC,PFC034,B2,289,5,28,277.0260788002,stimulus,
PFC,PFC034,B2,289,5,28,277.7385873003,tap,lctrl
PFC,PFC034,B2,290,5,29,277.7760988004,stimulus,
PFC,PFC034,B2,290,5,29,278.4745371002,tap,lctrl
PFC,PFC034,B2,291,5,30,278.5261110002,stimulus,
PFC,PFC034,B2,291,5,30,279.2745681000,tap,lctrl
PFC,PFC034,B2,292,5,31,279.2761297999,stimulus,
PFC,PFC034,B2,292,5,31,280.0105861002,tap,lctrl
PFC,PFC034,B2,293,5,32,280.0261459001,stimulus,
PFC,PFC034,B2,294,5,33,280.7761693001,stimulus,
PFC,PFC034,B2,294,5,33,280.7785843001,tap,rctrl
PFC,PFC034,B2,295,5,34,281.5261898004,stimulus,
PFC,PFC034,B2,295,5,34,281.5305164000,tap,rctrl
PFC,PFC034,B2,296,5,35,282.2761995001,stimulus,
PFC,PFC034,B2,296,5,35,282.2986015002,tap,lctrl
PFC,PFC034,B2,297,5,36,283.0262191002,stimulus,
PFC,PFC034,B2,297,5,36,283.0346686002,tap,rctrl
PFC,PFC034,B2,298,5,37,283.7762378003,stimulus,
PFC,PFC034,B2,298,5,37,283.7865925999,tap,lctrl
PFC,PFC034,B2,299,5,38,284.5262556002,stimulus,
PFC,PFC034,B2,299,5,38,284.5705423001,tap,rctrl
PFC,PFC034,B2,299,5,38,285.2745777001,tap,lctrl
PFC,PFC034,B2,300,5,39,285.2762492001,stimulus,
PFC,PFC034,B2,301,5,40,286.0262800003,stimulus,
PFC,PFC034,B2,301,5,40,286.0745929000,tap,lctrl
PFC,PFC034,B2,301,5,40,286.7625577999,tap,rctrl
PFC,PFC034,B2,302,5,41,286.7762841000,stimulus,
PFC,PFC034,B2,303,5,42,287.5263193999,stimulus,
PFC,PFC034,B2,303,5,42,287.5466259001,tap,lctrl
PFC,PFC034,B2,303,5,42,288.2345795003,tap,rctrl
PFC,PFC034,B2,304,5,43,288.2763133999,stimulus,
PFC,PFC034,B2,305,5,44,289.0263402001,stimulus,
PFC,PFC034,B2,305,5,44,289.0345674003,tap,rctrl
PFC,PFC034,B2,306,5,45,289.7763727000,stimulus,
PFC,PFC034,B2,306,5,45,289.7865734003,tap,rctrl
PFC,PFC034,B2,307,5,46,290.5263696001,stimulus,
PFC,PFC034,B2,307,5,46,290.5545975999,tap,rctrl
PFC,PFC034,B2,308,5,47,291.2763829003,stimulus,
PFC,PFC034,B2,308,5,47,291.2906277999,tap,lctrl
PFC,PFC034,B2,308,5,47,291.9947195002,tap,rctrl
PFC,PFC034,B2,309,5,48,292.0263890000,stimulus,
PFC,PFC034,B2,310,5,49,292.7764175003,stimulus,
PFC,PFC034,B2,310,5,49,292.7945324001,tap,lctrl
PFC,PFC034,B2,311,5,50,293.5264286003,stimulus,
PFC,PFC034,B2,311,5,50,293.5465503000,tap,lctrl
PFC,PFC034,B2,311,5,50,294.2665905003,tap,lctrl
PFC,PFC034,B2,312,5,51,294.2764283000,stimulus,
PFC,PFC034,B2,313,5,52,295.0264597000,stimulus,
PFC,PFC034,B2,313,5,52,295.0505531002,tap,lctrl
PFC,PFC034,B2,314,5,53,295.7764702002,stimulus,
PFC,PFC034,B2,314,5,53,295.8186283000,tap,rctrl
PFC,PFC034,B2,315,5,54,296.5264870003,stimulus,
PFC,PFC034,B2,315,5,54,296.5865770001,tap,lctrl
PFC,PFC034,B2,316,5,55,297.2765004002,stimulus,
PFC,PFC034,B2,316,5,55,297.3385541001,tap,rctrl
PFC,PFC034,B2,317,5,56,298.0265247002,stimulus,
PFC,PFC034,B2,317,5,56,298.0746019003,tap,lctrl
PFC,PFC034,B2,318,5,57,298.7765350002,stimulus,
PFC,PFC034,B2,318,5,57,298.7785381000,tap,rctrl
PFC,PFC034,B2,319,5,58,299.5265526003,stimulus,
PFC,PFC034,B2,319,5,58,299.5625447002,tap,rctrl
PFC,PFC034,B2,320,5,58,314.6560833002,probe1,1
PFC,PFC034,B2,320,5,58,316.5571494000,probe2,2
PFC,PFC034,B2,320,5,58,318.7601836002,probe3,1
PFC,PFC034,B2,321,6,1,319.5278640003,stimulus,
PFC,PFC034,B2,321,6,1,319.7385710999,tap,rctrl
PFC,PFC034,B2,322,6,2,320.2778064003,stimulus,
PFC,PFC034,B2,322,6,2,320.3627241002,tap,lctrl
PFC,PFC034,B2,323,6,3,321.0278200000,stimulus,
PFC,PFC034,B2,323,6,3,321.0985620003,tap,rctrl
PFC,PFC034,B2,324,6,4,321.7778436001,stimulus,
PFC,PFC034,B2,324,6,4,321.7865444003,tap,rctrl
PFC,PFC034,B2,325,6,5,322.5278575001,stimulus,
PFC,PFC034,B2,325,6,5,322.5546146003,tap,rctrl
PFC,PFC034,B2,325,6,5,323.2585984003,tap,lctrl
PFC,PFC034,B2,326,6,6,323.2778558000,stimulus,
PFC,PFC034,B2,326,6,6,324.0264588003,tap,rctrl
PFC,PFC034,B2,327,6,7,324.0278682001,stimulus,
PFC,PFC034,B2,328,6,8,324.7778956001,stimulus,
PFC,PFC034,B2,328,6,8,324.8425421002,tap,lctrl
PFC,PFC034,B2,329,6,9,325.5279121003,stimulus,
PFC,PFC034,B2,329,6,9,325.5945281000,tap,lctrl
PFC,PFC034,B2,329,6,9,326.2345440001,tap,lctrl
PFC,PFC034,B2,330,6,10,326.2779211001,stimulus,
PFC,PFC034,B2,330,6,10,327.0184889999,tap,rctrl
PFC,PFC034,B2,331,6,11,327.0279303002,stimulus,
PFC,PFC034,B2,332,6,12,327.7779590003,stimulus,
PFC,PFC034,B2,332,6,12,327.8345449003,tap,lctrl
PFC,PFC034,B2,333,6,13,328.5279726000,stimulus,
PFC,PFC034,B2,333,6,13,328.5545786000,tap,rctrl
PFC,PFC034,B2,333,6,13,329.2745525003,tap,rctrl
PFC,PFC034,B2,334,6,14,329.2779959999,stimulus,
PFC,PFC034,B2,334,6,14,329.9785302002,tap,rctrl
PFC,PFC034,B2,335,6,15,330.0280002002,stimulus,
PFC,PFC034,B2,335,6,15,330.7465915000,tap,lctrl
PFC,PFC034,B2,336,6,16,330.7780153002,stimulus,
PFC,PFC034,B2,337,6,17,331.5280392002,stimulus,
PFC,PFC034,B2,337,6,17,331.5464919000,tap,rctrl
PFC,PFC034,B2,338,6,18,332.2780527002,stimulus,
PFC,PFC034,B2,338,6,18,332.3145655002,tap,lctrl
PFC,PFC034,B2,339,6,19,333.0280641001,stimulus,
PFC,PFC034,B2,339,6,19,333.1625394002,tap,lctrl
PFC,PFC034,B2,340,6,20,333.7780769002,stimulus,
PFC,PFC034,B2,340,6,20,333.8665401000,tap,lctrl
PFC,PFC034,B2,340,6,20,334.5226112003,tap,rctrl
PFC,PFC034,B2,341,6,21,334.5280881003,stimulus,
PFC,PFC034,B2,341,6,21,335.1945809000,tap,rctrl
PFC,PFC034,B2,342,6,22,335.2781019001,stimulus,
PFC,PFC034,B2,343,6,23,336.0281254002,stimulus,
PFC,PFC034,B2,343,6,23,336.0425445000,tap,rctrl
PFC,PFC034,B2,344,6,24,336.7781469002,stimulus,
PFC,PFC034,B2,344,6,24,336.8425511001,tap,rctrl
PFC,PFC034,B2,345,6,25,337.5281595001,stimulus,
PFC,PFC034,B2,345,6,25,337.5624704002,tap,lctrl
PFC,PFC034,B2,346,6,26,338.2781724003,stimulus,
PFC,PFC034,B2,346,6,26,338.2825162001,tap,rctrl
PFC,PFC034,B2,346,6,26,339.0024970002,tap,lctrl
PFC,PFC034,B2,347,6,27,339.0281767002,stimulus,
PFC,PFC034,B2,347,6,27,339.7706014002,tap,lctrl
PFC,PFC034,B2,348,6,28,339.7781954999,stimulus,
PFC,PFC034,B2,349,6,29,340.5282108001,stimulus,
PFC,PFC034,B2,349,6,29,340.5545361000,tap,lctrl
PFC,PFC034,B2,350,6,30,341.2782327002,stimulus,
PFC,PFC034,B2,350,6,30,341.3385554003,tap,lctrl
PFC,PFC034,B2,351,6,31,342.0282474002,stimulus,
PFC,PFC034,B2,351,6,31,342.0745828999,tap,rctrl
PFC,PFC034,B2,352,6,32,342.7782616001,stimulus,
PFC,PFC034,B2,352,6,32,342.8105410002,tap,lctrl
PFC,PFC034,B2,352,6,32,343.5145010999,tap,rctrl
PFC,PFC034,B2,353,6,33,343.5282582999,stimulus,
PFC,PFC034,B2,354,6,34,344.2782864003,stimulus,
PFC,PFC034,B2,354,6,34,344.2985312999,tap,rctrl
PFC,PFC034,B2,355,6,35,345.0283073001,stimulus,
PFC,PFC034,B2,355,6,35,345.0345288999,tap,rctrl
PFC,PFC034,B2,356,6,36,345.7783249002,stimulus,
PFC,PFC034,B2,356,6,36,345.8185491003,tap,rctrl
PFC,PFC034,B2,357,6,37,346.5283344002,stimulus,
PFC,PFC034,B2,357,6,37,346.5385565003,tap,lctrl
PFC,PFC034,B2,357,6,37,347.2744907001,tap,rctrl
PFC,PFC034,B2,358,6,38,347.2783339000,stimulus,
PFC,PFC034,B2,359,6,39,348.0283589000,stimulus,
PFC,PFC034,B2,359,6,39,348.0584742003,tap,lctrl
PFC,PFC034,B2,360,6,40,348.7783743003,stimulus,
PFC,PFC034,B2,360,6,40,348.7945086001,tap,lctrl
PFC,PFC034,B2,361,6,41,349.5283893002,stimulus,
PFC,PFC034,B2,361,6,41,349.5304956003,tap,lctrl
PFC,PFC034,B2,361,6,41,350.2665133001,tap,lctrl
PFC,PFC034,B2,362,6,42,350.2783935000,stimulus,
PFC,PFC034,B2,362,6,42,350.9865158000,tap,rctrl
PFC,PFC034,B2,363,6,43,351.0284120999,stimulus,
PFC,PFC034,B2,363,6,43,351.7705076002,tap,lctrl
PFC,PFC034,B2,364,6,44,351.7784224004,stimulus,
PFC,PFC034,B2,365,6,45,352.5284441002,stimulus,
PFC,PFC034,B2,365,6,45,352.5544860000,tap,rctrl
PFC,PFC034,B2,366,6,46,353.2784580002,stimulus,
PFC,PFC034,B2,366,6,46,353.3705418003,tap,lctrl
PFC,PFC034,B2,367,6,47,354.0284720999,stimulus,
PFC,PFC034,B2,367,6,47,354.0745390002,tap,rctrl
PFC,PFC034,B2,367,6,47,354.7785064001,tap,rctrl
PFC,PFC034,B2,368,6,48,354.7786901002,stimulus,
PFC,PFC034,B2,368,6,48,355.4985368000,tap,rctrl
PFC,PFC034,B2,369,6,49,355.5287070000,stimulus,
PFC,PFC034,B2,369,6,49,356.2505206000,tap,rctrl
PFC,PFC034,B2,370,6,50,356.2787211002,stimulus,
PFC,PFC034,B2,370,6,50,357.0185422003,tap,rctrl
PFC,PFC034,B2,371,6,51,357.0287361001,stimulus,
PFC,PFC034,B2,371,6,51,357.7546152002,tap,lctrl
PFC,PFC034,B2,372,6,52,357.7787592001,stimulus,
PFC,PFC034,B2,372,6,52,358.4745650999,tap,rctrl
PFC,PFC034,B2,373,6,53,358.5287759001,stimulus,
PFC,PFC034,B2,374,6,54,359.2787950002,stimulus,
PFC,PFC034,B2,374,6,54,359.3064971999,tap,lctrl
PFC,PFC034,B2,375,6,55,360.0288132001,stimulus,
PFC,PFC034,B2,375,6,55,360.0425294000,tap,rctrl
PFC,PFC034,B2,375,6,55,360.7145031001,tap,lctrl
PFC,PFC034,B2,376,6,56,360.7788185002,stimulus,
PFC,PFC034,B2,376,6,56,361.4664987000,tap,rctrl
PFC,PFC034,B2,377,6,57,361.5288271001,stimulus,
PFC,PFC034,B2,377,6,57,362.2345302003,tap,rctrl
PFC,PFC034,B2,378,6,58,362.2788493000,stimulus,
PFC,PFC034,B2,379,6,59,363.0288744001,stimulus,
PFC,PFC034,B2,379,6,59,363.0345324003,tap,rctrl
PFC,PFC034,B2,379,6,59,363.7704761000,tap,rctrl
PFC,PFC034,B2,380,6,60,363.7788710999,stimulus,
PFC,PFC034,B2,381,6,61,364.5288965004,stimulus,
PFC,PFC034,B2,381,6,61,364.5705230003,tap,rctrl
PFC,PFC034,B2,382,6,62,365.2789151003,stimulus,
PFC,PFC034,B2,382,6,62,365.3065436999,tap,lctrl
PFC,PFC034,B2,383,6,63,366.0289318999,stimulus,
PFC,PFC034,B2,383,6,63,366.0584984003,tap,rctrl
PFC,PFC034,B2,383,6,63,366.7784958002,tap,lctrl
PFC,PFC034,B2,384,6,64,366.7789259003,stimulus,
PFC,PFC034,B2,384,6,64,367.4985071002,tap,rctrl
PFC,PFC034,B2,385,6,65,367.5289543001,stimulus,
PFC,PFC034,B2,385,6,65,368.2665173002,tap,lctrl
PFC,PFC034,B2,386,6,66,368.2789579001,stimulus,
PFC,PFC034,B2,386,6,66,369.0025328002,tap,lctrl
PFC,PFC034,B2,387,6,67,369.0289751003,stimulus,
PFC,PFC034,B2,387,6,67,369.7544899001,tap,lctrl
PFC,PFC034,B2,388,6,68,369.7789894999,stimulus,
PFC,PFC034,B2,388,6,68,370.5065418002,tap,lctrl
PFC,PFC034,B2,389,6,69,370.5290317000,stimulus,
PFC,PFC034,B2,389,6,69,371.2745169001,tap,lctrl
PFC,PFC034,B2,390,6,70,371.2790526003,stimulus,
PFC,PFC034,B2,391,6,71,372.0290761003,stimulus,
PFC,PFC034,B2,391,6,71,372.0424859002,tap,rctrl
PFC,PFC034,B2,392,6,72,372.7790878001,stimulus,
PFC,PFC034,B2,392,6,72,372.7945001000,tap,lctrl
PFC,PFC034,B2,392,6,72,373.4984941003,tap,rctrl
PFC,PFC034,B2,393,6,73,373.5290942001,stimulus,
PFC,PFC034,B2,394,6,74,374.2791164001,stimulus,
PFC,PFC034,B2,394,6,74,374.2985544000,tap,lctrl
PFC,PFC034,B2,394,6,74,375.0024943002,tap,rctrl
PFC,PFC034,B2,395,6,75,375.0291185002,stimulus,
PFC,PFC034,B2,395,6,75,375.7544893003,tap,lctrl
PFC,PFC034,B2,396,6,76,375.7791256001,stimulus,
PFC,PFC034,B2,396,6,76,376.5225011003,tap,rctrl
PFC,PFC034,B2,397,6,77,376.5291480999,stimulus,
PFC,PFC034,B2,398,6,78,377.2791736000,stimulus,
PFC,PFC034,B2,398,6,78,377.3384886002,tap,rctrl
PFC,PFC034,B2,399,6,79,378.0291881002,stimulus,
PFC,PFC034,B2,399,6,79,378.0744956001,tap,rctrl
PFC,PFC034,B2,399,6,79,378.7625299003,tap,rctrl
PFC,PFC034,B2,400,6,80,378.7791905003,stimulus,
PFC,PFC034,B2,401,6,81,379.5292436001,stimulus,
PFC,PFC034,B2,401,6,81,379.6105273999,tap,lctrl
PFC,PFC034,B2,402,6,82,380.2792449002,stimulus,
PFC,PFC034,B2,402,6,82,380.3304559002,tap,rctrl
PFC,PFC034,B2,403,6,83,381.0292614000,stimulus,
PFC,PFC034,B2,403,6,83,381.0505627003,tap,lctrl
PFC,PFC034,B2,403,6,83,381.7705455003,tap,rctrl
PFC,PFC034,B2,404,6,84,381.7792596002,stimulus,
PFC,PFC034,B2,405,6,84,391.7350838003,probe1,1
PFC,PFC034,B2,405,6,84,393.7044417001,probe2,2
PFC,PFC034,B2,405,6,84,396.4566780003,probe3,1
PFC,PFC034,B2,406,7,1,397.2248219000,stimulus,
PFC,PFC034,B2,406,7,1,397.4184804000,tap,lctrl
PFC,PFC034,B2,407,7,2,397.9747762000,stimulus,
PFC,PFC034,B2,407,7,2,398.0104757003,tap,rctrl
PFC,PFC034,B2,407,7,2,398.7145261001,tap,lctrl
PFC,PFC034,B2,408,7,3,398.7247798000,stimulus,
PFC,PFC034,B2,409,7,4,399.4748068000,stimulus,
PFC,PFC034,B2,409,7,4,399.4824640001,tap,rctrl
PFC,PFC034,B2,410,7,5,400.2248213002,stimulus,
PFC,PFC034,B2,410,7,5,400.2504394003,tap,rctrl
PFC,PFC034,B2,411,7,6,400.9748366000,stimulus,
PFC,PFC034,B2,411,7,6,401.0024777004,tap,rctrl
PFC,PFC034,B2,412,7,7,401.7248492003,stimulus,
PFC,PFC034,B2,412,7,7,401.7865071003,tap,rctrl
PFC,PFC034,B2,413,7,8,402.4748608000,stimulus,
PFC,PFC034,B2,413,7,8,402.5544592002,tap,lctrl
PFC,PFC034,B2,414,7,9,403.2248781002,stimulus,
PFC,PFC034,B2,414,7,9,403.2265841002,tap,rctrl
PFC,PFC034,B2,414,7,9,403.9624603000,tap,lctrl
PFC,PFC034,B2,415,7,10,403.9748824001,stimulus,
PFC,PFC034,B2,416,7,11,404.7249062001,stimulus,
PFC,PFC034,B2,416,7,11,404.7464773003,tap,rctrl
PFC,PFC034,B2,417,7,12,405.4749182002,stimulus,
PFC,PFC034,B2,417,7,12,405.4824632001,tap,rctrl
PFC,PFC034,B2,417,7,12,406.1864911001,tap,rctrl
PFC,PFC034,B2,418,7,13,406.2249161000,stimulus,
PFC,PFC034,B2,418,7,13,406.9224626999,tap,rctrl
PFC,PFC034,B2,419,7,14,406.9749312000,stimulus,
PFC,PFC034,B2,419,7,14,407.6904873000,tap,rctrl
PFC,PFC034,B2,420,7,15,407.7249488002,stimulus,
PFC,PFC034,B2,420,7,15,408.4584653000,tap,lctrl
PFC,PFC034,B2,421,7,16,408.4749596003,stimulus,
PFC,PFC034,B2,421,7,16,409.1625240003,tap,rctrl
PFC,PFC034,B2,422,7,17,409.2249807999,stimulus,
PFC,PFC034,B2,423,7,18,409.9749964001,stimulus,
PFC,PFC034,B2,423,7,18,409.9785060002,tap,lctrl
PFC,PFC034,B2,424,7,19,410.7250190000,stimulus,
PFC,PFC034,B2,424,7,19,410.7304941001,tap,lctrl
PFC,PFC034,B2,424,7,19,411.4185604001,tap,lctrl
PFC,PFC034,B2,425,7,20,411.4750299002,stimulus,
PFC,PFC034,B2,425,7,20,412.2025542003,tap,rctrl
PFC,PFC034,B2,426,7,21,412.2250317000,stimulus,
PFC,PFC034,B2,427,7,22,412.9750528000,stimulus,
PFC,PFC034,B2,427,7,22,413.0025795000,tap,lctrl
PFC,PFC034,B2,427,7,22,413.7224979000,tap,lctrl
PFC,PFC034,B2,428,7,23,413.7250561002,stimulus,
PFC,PFC034,B2,428,7,23,414.4744882002,tap,lctrl
PFC,PFC034,B2,429,7,24,414.4750723001,stimulus,
PFC,PFC034,B2,430,7,25,415.2250954001,stimulus,
PFC,PFC034,B2,430,7,25,415.2264558002,tap,lctrl
PFC,PFC034,B2,431,7,26,415.9751078002,stimulus,
PFC,PFC034,B2,431,7,26,416.0104653002,tap,rctrl
PFC,PFC034,B2,432,7,27,416.7251214003,stimulus,
PFC,PFC034,B2,432,7,27,416.7625000002,tap,rctrl
PFC,PFC034,B2,433,7,28,417.4751382000,stimulus,
PFC,PFC034,B2,433,7,28,417.5144752003,tap,lctrl
PFC,PFC034,B2,433,7,28,418.2185203000,tap,rctrl
PFC,PFC034,B2,434,7,29,418.2251454000,stimulus,
PFC,PFC034,B2,435,7,30,418.9751726999,stimulus,
PFC,PFC034,B2,435,7,30,418.9865124002,tap,lctrl
PFC,PFC034,B2,435,7,30,419.7064364003,tap,rctrl
PFC,PFC034,B2,436,7,31,419.7251703003,stimulus,
PFC,PFC034,B2,437,7,32,420.4751954000,stimulus,
PFC,PFC034,B2,437,7,32,420.5065211002,tap,lctrl
PFC,PFC034,B2,437,7,32,421.2104861001,tap,lctrl
PFC,PFC034,B2,438,7,33,421.2252091002,stimulus,
PFC,PFC034,B2,438,7,33,421.9625217002,tap,lctrl
PFC,PFC034,B2,439,7,34,421.9752328000,stimulus,
PFC,PFC034,B2,440,7,35,422.7252561999,stimulus,
PFC,PFC034,B2,440,7,35,422.7464270000,tap,lctrl
PFC,PFC034,B2,441,7,36,423.4752675002,stimulus,
PFC,PFC034,B2,441,7,36,423.5464439001,tap,rctrl
PFC,PFC034,B2,442,7,37,424.2252728003,stimulus,
PFC,PFC034,B2,442,7,37,424.2344643003,tap,rctrl
PFC,PFC034,B2,442,7,37,424.9065173999,tap,lctrl
PFC,PFC034,B2,443,7,38,424.9752833000,stimulus,
PFC,PFC034,B2,443,7,38,425.6585002001,tap,rctrl
PFC,PFC034,B2,444,7,39,425.7252895003,stimulus,
PFC,PFC034,B2,444,7,39,426.4585382002,tap,rctrl
PFC,PFC034,B2,445,7,40,426.4753082003,stimulus,
PFC,PFC034,B2,445,7,40,427.1945210001,tap,rctrl
PFC,PFC034,B2,446,7,41,427.2253288999,stimulus,
PFC,PFC034,B2,446,7,41,427.9304841999,tap,lctrl
PFC,PFC034,B2,447,7,42,427.9753388003,stimulus,
PFC,PFC034,B2,447,7,42,428.6664871001,tap,rctrl
PFC,PFC034,B2,448,7,43,428.7253539003,stimulus,
PFC,PFC034,B2,448,7,43,429.3865009001,tap,lctrl
PFC,PFC034,B2,449,7,44,429.4753686003,stimulus,
PFC,PFC034,B2,449,7,44,430.2024877002,tap,rctrl
PFC,PFC034,B2,450,7,45,430.2253839001,stimulus,
PFC,PFC034,B2,450,7,45,430.9545207000,tap,lctrl
PFC,PFC034,B2,451,7,46,430.9753971002,stimulus,
PFC,PFC034,B2,452,7,47,431.7254295000,stimulus,
PFC,PFC034,B2,452,7,47,431.7385056000,tap,lctrl
PFC,PFC034,B2,452,7,47,432.4584458000,tap,lctrl
PFC,PFC034,B2,453,7,48,432.4754377999,stimulus,
PFC,PFC034,B2,454,7,49,433.2254624004,stimulus,
PFC,PFC034,B2,454,7,49,433.2264266000,tap,rctrl
PFC,PFC034,B2,455,7,50,433.9754798003,stimulus,
PFC,PFC034,B2,455,7,50,433.9944671001,tap,lctrl
PFC,PFC034,B2,455,7,50,434.6984802000,tap,rctrl
PFC,PFC034,B2,456,7,51,434.7254881002,stimulus,
PFC,PFC034,B2,456,7,51,435.4504428003,tap,lctrl
PFC,PFC034,B2,457,7,52,435.4754965003,stimulus,
PFC,PFC034,B2,458,7,53,436.2255167002,stimulus,
PFC,PFC034,B2,458,7,53,436.2664435003,tap,lctrl
PFC,PFC034,B2,459,7,54,436.9755382002,stimulus,
PFC,PFC034,B2,459,7,54,436.9865568001,tap,lctrl
PFC,PFC034,B2,460,7,55,437.7255454003,stimulus,
PFC,PFC034,B2,460,7,55,437.7865058002,tap,lctrl
PFC,PFC034,B2,461,7,56,438.4755609999,stimulus,
PFC,PFC034,B2,461,7,56,438.4905066001,tap,rctrl
PFC,PFC034,B2,462,7,57,439.2255722000,stimulus,
PFC,PFC034,B2,462,7,57,439.2264975002,tap,lctrl
PFC,PFC034,B2,462,7,57,439.9624981000,tap,rctrl
PFC,PFC034,B2,463,7,58,439.9755772003,stimulus,
PFC,PFC034,B2,463,7,58,440.7144483002,tap,rctrl
PFC,PFC034,B2,464,7,59,440.7255959003,stimulus,
PFC,PFC034,B2,465,7,60,441.4756262000,stimulus,
PFC,PFC034,B2,465,7,60,441.4824218000,tap,rctrl
PFC,PFC034,B2,466,7,61,442.2256368003,stimulus,
PFC,PFC034,B2,466,7,61,442.2344834004,tap,rctrl
PFC,PFC034,B2,467,7,62,442.9756563003,stimulus,
PFC,PFC034,B2,467,7,62,442.9865544001,tap,lctrl
PFC,PFC034,B2,468,7,63,443.7256744001,stimulus,
PFC,PFC034,B2,468,7,63,443.7544863001,tap,rctrl
PFC,PFC034,B2,469,7,64,444.4756857003,stimulus,
PFC,PFC034,B2,469,7,64,444.4904495999,tap,lctrl
PFC,PFC034,B2,470,7,65,445.2256991002,stimulus,
PFC,PFC034,B2,470,7,65,445.2744491999,tap,lctrl
PFC,PFC034,B2,471,7,66,445.9757152000,stimulus,
PFC,PFC034,B2,471,7,66,446.0104940999,tap,lctrl
PFC,PFC034,B2,472,7,67,446.7257316001,stimulus,
PFC,PFC034,B2,472,7,67,446.7624161001,tap,lctrl
PFC,PFC034,B2,473,7,68,447.4757417999,stimulus,
PFC,PFC034,B2,473,7,68,447.5145125999,tap,rctrl
PFC,PFC034,B2,474,7,69,448.2257591002,stimulus,
PFC,PFC034,B2,474,7,69,448.2664371002,tap,lctrl
PFC,PFC034,B2,475,7,70,448.9757633000,stimulus,
PFC,PFC034,B2,475,7,70,449.0024834001,tap,rctrl
PFC,PFC034,B2,476,7,71,449.7257746002,stimulus,
PFC,PFC034,B2,476,7,71,449.7384684002,tap,rctrl
PFC,PFC034,B2,477,7,72,450.4757936001,stimulus,
PFC,PFC034,B2,477,7,72,450.5064837001,tap,rctrl
PFC,PFC034,B2,478,7,73,451.2258035000,stimulus,
PFC,PFC034,B2,478,7,73,451.3384560002,tap,lctrl
PFC,PFC034,B2,478,7,73,451.9624313000,tap,rctrl
PFC,PFC034,B2,479,7,74,451.9758007000,stimulus,
PFC,PFC034,B2,479,7,74,452.7144861999,tap,lctrl
PFC,PFC034,B2,480,7,75,452.7258099001,stimulus,
PFC,PFC034,B2,481,7,76,453.4758333000,stimulus,
PFC,PFC034,B2,481,7,76,453.4984623999,tap,lctrl
PFC,PFC034,B2,482,7,77,454.2258510999,stimulus,
PFC,PFC034,B2,482,7,77,454.2824387001,tap,rctrl
PFC,PFC034,B2,483,7,78,454.9758681003,stimulus,
PFC,PFC034,B2,483,7,78,455.0184471002,tap,lctrl
PFC,PFC034,B2,483,7,78,455.7064622999,tap,rctrl
PFC,PFC034,B2,484,7,79,455.7258710000,stimulus,
PFC,PFC034,B2,484,7,79,456.4744869000,tap,lctrl
PFC,PFC034,B2,485,7,80,456.4758818001,stimulus,
PFC,PFC034,B2,486,7,80,461.7768524000,probe1,2
PFC,PFC034,B2,486,7,80,465.7304046000,probe2,0
PFC,PFC034,B2,486,7,80,468.1824743999,probe3,1
PFC,PFC034,B2,487,8,1,468.9496854004,stimulus,
PFC,PFC034,B2,487,8,1,469.1624501999,tap,rctrl
PFC,PFC034,B2,487,8,1,469.6903647003,tap,lctrl
PFC,PFC034,B2,488,8,2,469.6995486002,stimulus,
PFC,PFC034,B2,489,8,3,470.4495777003,stimulus,
PFC,PFC034,B2,489,8,3,470.4744335003,tap,lctrl
PFC,PFC034,B2,490,8,4,471.1995995003,stimulus,
PFC,PFC034,B2,490,8,4,471.2104604002,tap,rctrl
PFC,PFC034,B2,491,8,5,471.9496316002,stimulus,
PFC,PFC034,B2,491,8,5,471.9624733999,tap,lctrl
PFC,PFC034,B2,492,8,6,472.6996236001,stimulus,
PFC,PFC034,B2,492,8,6,472.7144646002,tap,lctrl
PFC,PFC034,B2,493,8,7,473.4496399001,stimulus,
PFC,PFC034,B2,493,8,7,473.4663777002,tap,lctrl
PFC,PFC034,B2,494,8,8,474.1996510001,stimulus,
PFC,PFC034,B2,494,8,8,474.2184971999,tap,rctrl
PFC,PFC034,B2,495,8,9,474.9496698002,stimulus,
PFC,PFC034,B2,495,8,9,474.9704698003,tap,lctrl
PFC,PFC034,B2,496,8,10,475.6996822003,stimulus,
PFC,PFC034,B2,496,8,10,475.7384787002,tap,lctrl
PFC,PFC034,B2,497,8,11,476.4496974000,stimulus,
PFC,PFC034,B2,497,8,11,476.5064117000,tap,lctrl
PFC,PFC034,B2,498,8,12,477.1997113000,stimulus,
PFC,PFC034,B2,498,8,12,477.2744124001,tap,lctrl
PFC,PFC034,B2,499,8,13,477.9497255003,stimulus,
PFC,PFC034,B2,499,8,13,477.9944103002,tap,lctrl
PFC,PFC034,B2,500,8,14,478.6997374999,stimulus,
PFC,PFC034,B2,500,8,14,478.7784182001,tap,lctrl
PFC,PFC034,B2,500,8,14,479.4344466003,tap,rctrl
PFC,PFC034,B2,501,8,15,479.4497407000,stimulus,
PFC,PFC034,B2,502,8,16,480.1997709000,stimulus,
PFC,PFC034,B2,502,8,16,480.2024207003,tap,rctrl
PFC,PFC034,B2,503,8,17,480.9497780004,stimulus,
PFC,PFC034,B2,503,8,17,480.9704146003,tap,lctrl
PFC,PFC034,B2,503,8,17,481.6905292002,tap,rctrl
PFC,PFC034,B2,504,8,18,481.6997890002,stimulus,
PFC,PFC034,B2,505,8,19,482.4498162000,stimulus,
PFC,PFC034,B2,505,8,19,482.4583931002,tap,rctrl
PFC,PFC034,B2,506,8,20,483.1998354001,stimulus,
PFC,PFC034,B2,506,8,20,483.2744029001,tap,rctrl
PFC,PFC034,B2,507,8,21,483.9498430002,stimulus,
PFC,PFC034,B2,507,8,21,483.9784548003,tap,lctrl
PFC,PFC034,B2,507,8,21,484.6665107999,tap,rctrl
PFC,PFC034,B2,508,8,22,484.6998658003,stimulus,
PFC,PFC034,B2,508,8,22,485.4344210001,tap,lctrl
PFC,PFC034,B2,509,8,23,485.4498645002,stimulus,
PFC,PFC034,B2,509,8,23,486.1865063002,tap,lctrl
PFC,PFC034,B2,510,8,24,486.1998945000,stimulus,
PFC,PFC034,B2,511,8,25,486.9499019003,stimulus,
PFC,PFC034,B2,511,8,25,486.9544589999,tap,rctrl
PFC,PFC034,B2,512,8,26,487.6999178003,stimulus,
PFC,PFC034,B2,512,8,26,487.7224163003,tap,rctrl
PFC,PFC034,B2,513,8,27,488.4499313999,stimulus,
PFC,PFC034,B2,513,8,27,488.4583971002,tap,rctrl
PFC,PFC034,B2,514,8,28,489.1999459001,stimulus,
PFC,PFC034,B2,514,8,28,489.2104547000,tap,rctrl
PFC,PFC034,B2,514,8,28,489.9144305000,tap,lctrl
PFC,PFC034,B2,515,8,29,489.9499427001,stimulus,
PFC,PFC034,B2,515,8,29,490.6825341000,tap,rctrl
PFC,PFC034,B2,516,8,30,490.6999603002,stimulus,
PFC,PFC034,B2,516,8,30,491.4025288001,tap,rctrl
PFC,PFC034,B2,517,8,31,491.4499774999,stimulus,
PFC,PFC034,B2,517,8,31,492.1224541003,tap,lctrl
PFC,PFC034,B2,518,8,32,492.1999834003,stimulus,
PFC,PFC034,B2,519,8,33,492.9500022000,stimulus,
PFC,PFC034,B2,519,8,33,492.9545336999,tap,rctrl
PFC,PFC034,B2,519,8,33,493.6904183002,tap,lctrl
PFC,PFC034,B2,520,8,34,493.7000107002,stimulus,
PFC,PFC034,B2,521,8,35,494.4500337001,stimulus,
PFC,PFC034,B2,521,8,35,494.4904297004,tap,lctrl
PFC,PFC034,B2,521,8,35,495.1624375000,tap,rctrl
PFC,PFC034,B2,522,8,36,495.2000573003,stimulus,
PFC,PFC034,B2,522,8,36,495.9464624003,tap,lctrl
PFC,PFC034,B2,523,8,37,495.9500545003,stimulus,
PFC,PFC034,B2,523,8,37,496.6504858001,tap,rctrl
PFC,PFC034,B2,524,8,38,496.7000748003,stimulus,
PFC,PFC034,B2,524,8,38,497.4184423001,tap,rctrl
PFC,PFC034,B2,525,8,39,497.4500761000,stimulus,
PFC,PFC034,B2,526,8,40,498.2000991004,stimulus,
PFC,PFC034,B2,526,8,40,498.2344081001,tap,rctrl
PFC,PFC034,B2,527,8,41,498.9501169999,stimulus,
PFC,PFC034,B2,527,8,41,498.9544067001,tap,rctrl
PFC,PFC034,B2,527,8,41,499.6904195002,tap,lctrl
PFC,PFC034,B2,528,8,42,499.7001256002,stimulus,
PFC,PFC034,B2,529,8,43,500.4501565001,stimulus,
PFC,PFC034,B2,529,8,43,500.4583888999,tap,rctrl
PFC,PFC034,B2,530,8,44,501.2001726003,stimulus,
PFC,PFC034,B2,530,8,44,501.2104323003,tap,lctrl
PFC,PFC034,B2,531,8,45,501.9501886000,stimulus,
PFC,PFC034,B2,531,8,45,501.9943935000,tap,rctrl
PFC,PFC034,B2,532,8,46,502.7002091999,stimulus,
PFC,PFC034,B2,532,8,46,502.7784468001,tap,rctrl
PFC,PFC034,B2,533,8,47,503.4502190002,stimulus,
PFC,PFC034,B2,533,8,47,503.5304004000,tap,rctrl
PFC,PFC034,B2,534,8,48,504.2002361002,stimulus,
PFC,PFC034,B2,534,8,48,504.2344551003,tap,rctrl
PFC,PFC034,B2,535,8,49,504.9502451001,stimulus,
PFC,PFC034,B2,535,8,49,505.0343963001,tap,rctrl
PFC,PFC034,B2,536,8,50,505.7002628003,stimulus,
PFC,PFC034,B2,536,8,50,505.7545159003,tap,lctrl
PFC,PFC034,B2,537,8,51,506.4502734002,stimulus,
PFC,PFC034,B2,537,8,51,506.4743933999,tap,rctrl
PFC,PFC034,B2,538,8,52,507.2002882999,stimulus,
PFC,PFC034,B2,538,8,52,507.2263885001,tap,lctrl
PFC,PFC034,B2,538,8,52,507.9144164003,tap,rctrl
PFC,PFC034,B2,539,8,53,507.9502897002,stimulus,
PFC,PFC034,B2,539,8,53,508.6184275001,tap,rctrl
PFC,PFC034,B2,540,8,54,508.7003178000,stimulus,
PFC,PFC034,B2,540,8,54,509.4184126002,tap,rctrl
PFC,PFC034,B2,541,8,55,509.4503237000,stimulus,
PFC,PFC034,B2,542,8,56,510.2003526003,stimulus,
PFC,PFC034,B2,542,8,56,510.2504227003,tap,lctrl
PFC,PFC034,B2,543,8,57,510.9503612001,stimulus,
PFC,PFC034,B2,543,8,57,511.0024146000,tap,lctrl
PFC,PFC034,B2,544,8,58,511.7003766000,stimulus,
PFC,PFC034,B2,544,8,58,511.8024019003,tap,lctrl
PFC,PFC034,B2,544,8,58,512.4263880001,tap,lctrl
PFC,PFC034,B2,545,8,59,512.4503821000,stimulus,
PFC,PFC034,B2,546,8,60,513.2004098999,stimulus,
PFC,PFC034,B2,546,8,60,513.2264006999,tap,lctrl
PFC,PFC034,B2,547,8,61,513.9504178003,stimulus,
PFC,PFC034,B2,547,8,61,514.0264564003,tap,rctrl
PFC,PFC034,B2,547,8,61,514.6984010004,tap,rctrl
PFC,PFC034,B2,548,8,62,514.7004196001,stimulus,
PFC,PFC034,B2,548,8,62,515.4344325000,tap,rctrl
PFC,PFC034,B2,549,8,63,515.4504399002,stimulus,
PFC,PFC034,B2,550,8,64,516.2004625001,stimulus,
PFC,PFC034,B2,550,8,64,516.2343587000,tap,lctrl
PFC,PFC034,B2,551,8,65,516.9504746003,stimulus,
PFC,PFC034,B2,551,8,65,517.0024044001,tap,rctrl
PFC,PFC034,B2,552,8,66,517.7004875001,stimulus,
PFC,PFC034,B2,552,8,66,517.7384582004,tap,lctrl
PFC,PFC034,B2,553,8,67,518.4505020999,stimulus,
PFC,PFC034,B2,553,8,67,518.5064197001,tap,lctrl
PFC,PFC034,B2,553,8,67,519.1943659000,tap,rctrl
PFC,PFC034,B2,554,8,68,519.2005039002,stimulus,
PFC,PFC034,B2,554,8,68,519.9144388000,tap,lctrl
PFC,PFC034,B2,555,8,69,519.9505205001,stimulus,
PFC,PFC034,B2,555,8,69,520.6824115999,tap,rctrl
PFC,PFC034,B2,556,8,70,520.7005374003,stimulus,
PFC,PFC034,B2,557,8,71,521.4505655002,stimulus,
PFC,PFC034,B2,557,8,71,521.4663877003,tap,rctrl
PFC,PFC034,B2,558,8,72,522.2005755003,stimulus,
PFC,PFC034,B2,558,8,72,522.2184306001,tap,lctrl
PFC,PFC034,B2,558,8,72,522.8903777003,tap,rctrl
PFC,PFC034,B2,559,8,73,522.9505805001,stimulus,
PFC,PFC034,B2,559,8,73,523.6904170001,tap,lctrl
PFC,PFC034,B2,560,8,74,523.7005971000,stimulus,
PFC,PFC034,B2,561,8,74,527.8637936004,probe1,2
PFC,PFC034,B2,561,8,74,533.8854347002,probe2,0
PFC,PFC034,B2,561,8,74,536.3043825002,probe3,2
PFC,PFC034,B2,562,9,1,537.0725944000,stimulus,
PFC,PFC034,B2,563,9,2,537.8225387000,stimulus,
PFC,PFC034,B2,563,9,2,537.8504038001,tap,rctrl
PFC,PFC034,B2,563,9,2,538.5223580999,tap,lctrl
PFC,PFC034,B2,564,9,3,538.5725531001,stimulus,
PFC,PFC034,B2,564,9,3,539.2263912000,tap,rctrl
PFC,PFC034,B2,565,9,4,539.3225754001,stimulus,
PFC,PFC034,B2,565,9,4,540.0583891002,tap,rctrl
PFC,PFC034,B2,566,9,5,540.0725771999,stimulus,
PFC,PFC034,B2,566,9,5,540.7463946999,tap,rctrl
PFC,PFC034,B2,567,9,6,540.8226012001,stimulus,
PFC,PFC034,B2,567,9,6,541.4984305003,tap,lctrl
PFC,PFC034,B2,568,9,7,541.5726128002,stimulus,
PFC,PFC034,B2,568,9,7,541.7386344001,tap,rctrl
PFC,PFC034,B2,568,9,7,542.3143723002,tap,lctrl
PFC,PFC034,B2,569,9,8,542.3226318001,stimulus,
PFC,PFC034,B2,570,9,9,543.0726550003,stimulus,
PFC,PFC034,B2,570,9,9,543.0983657003,tap,lctrl
PFC,PFC034,B2,571,9,10,543.8226635000,stimulus,
PFC,PFC034,B2,571,9,10,543.9304096000,tap,rctrl
PFC,PFC034,B2,572,9,11,544.5726800002,stimulus,
PFC,PFC034,B2,572,9,11,544.6023609000,tap,lctrl
PFC,PFC034,B2,572,9,11,545.3224726999,tap,rctrl
PFC,PFC034,B2,573,9,12,545.3226986001,stimulus,
PFC,PFC034,B2,573,9,12,545.9944357001,tap,rctrl
PFC,PFC034,B2,574,9,13,546.0727242003,stimulus,
PFC,PFC034,B2,574,9,13,546.8104222002,tap,rctrl
PFC,PFC034,B2,575,9,14,546.8227282003,stimulus,
PFC,PFC034,B2,575,9,14,547.5624188003,tap,rctrl
PFC,PFC034,B2,576,9,15,547.5727365003,stimulus,
PFC,PFC034,B2,576,9,15,548.2664013002,tap,rctrl
PFC,PFC034,B2,577,9,16,548.3227551002,stimulus,
PFC,PFC034,B2,577,9,16,549.0503718001,tap,rctrl
PFC,PFC034,B2,578,9,17,549.0727687003,stimulus,
PFC,PFC034,B2,579,9,18,549.8227888001,stimulus,
PFC,PFC034,B2,579,9,18,549.8343460001,tap,lctrl
PFC,PFC034,B2,579,9,18,550.5703533003,tap,rctrl
PFC,PFC034,B2,580,9,19,550.5727882003,stimulus,
PFC,PFC034,B2,580,9,19,551.3224412003,tap,lctrl
PFC,PFC034,B2,581,9,20,551.3228140003,stimulus,
PFC,PFC034,B2,582,9,21,552.0728307003,stimulus,
PFC,PFC034,B2,582,9,21,552.0903790002,tap,lctrl
PFC,PFC034,B2,583,9,22,552.8228477002,stimulus,
PFC,PFC034,B2,583,9,22,552.8583844001,tap,lctrl
PFC,PFC034,B2,584,9,23,553.5728641003,stimulus,
PFC,PFC034,B2,584,9,23,553.6264677001,tap,lctrl
PFC,PFC034,B2,585,9,24,554.3228758001,stimulus,
PFC,PFC034,B2,585,9,24,554.4103514999,tap,rctrl
PFC,PFC034,B2,586,9,25,555.0728858002,stimulus,
PFC,PFC034,B2,586,9,25,555.0823615002,tap,lctrl
PFC,PFC034,B2,587,9,26,555.8228998999,stimulus,
PFC,PFC034,B2,587,9,26,555.8343501999,tap,rctrl
PFC,PFC034,B2,588,9,27,556.5729153003,stimulus,
PFC,PFC034,B2,588,9,27,556.6023478000,tap,rctrl
PFC,PFC034,B2,588,9,27,557.3225276000,tap,rctrl
PFC,PFC034,B2,589,9,28,557.3229320003,stimulus,
PFC,PFC034,B2,589,9,28,558.0264284001,tap,lctrl
PFC,PFC034,B2,590,9,29,558.0729407002,stimulus,
PFC,PFC034,B2,590,9,29,558.7944141002,tap,rctrl
PFC,PFC034,B2,591,9,30,558.8229469000,stimulus,
PFC,PFC034,B2,591,9,30,559.5463950001,tap,rctrl
PFC,PFC034,B2,592,9,31,559.5729638003,stimulus,
PFC,PFC034,B2,592,9,31,560.2343566003,tap,rctrl
PFC,PFC034,B2,593,9,32,560.3229888002,stimulus,
PFC,PFC034,B2,593,9,32,561.0183707001,tap,lctrl
PFC,PFC034,B2,594,9,33,561.0730029000,stimulus,
PFC,PFC034,B2,594,9,33,561.8183533000,tap,rctrl
PFC,PFC034,B2,595,9,34,561.8230101001,stimulus,
PFC,PFC034,B2,595,9,34,562.5383723001,tap,lctrl
PFC,PFC034,B2,596,9,35,562.5730266999,stimulus,
PFC,PFC034,B2,596,9,35,563.2903581001,tap,rctrl
PFC,PFC034,B2,597,9,36,563.3230432002,stimulus,
PFC,PFC034,B2,597,9,36,564.0423687003,tap,lctrl
PFC,PFC034,B2,598,9,37,564.0730550000,stimulus,
PFC,PFC034,B2,599,9,38,564.8230753001,stimulus,
PFC,PFC034,B2,599,9,38,564.8263424002,tap,lctrl
PFC,PFC034,B2,599,9,38,565.5463516000,tap,lctrl
PFC,PFC034,B2,600,9,39,565.5730806002,stimulus,
PFC,PFC034,B2,601,9,40,566.3231021003,stimulus,
PFC,PFC034,B2,601,9,40,566.3463636003,tap,rctrl
PFC,PFC034,B2,602,9,41,567.0731156003,stimulus,
PFC,PFC034,B2,602,9,41,567.0823716000,tap,lctrl
PFC,PFC034,B2,603,9,42,567.8231408000,stimulus,
PFC,PFC034,B2,603,9,42,567.8664083001,tap,rctrl
PFC,PFC034,B2,604,9,43,568.5731524001,stimulus,
PFC,PFC034,B2,604,9,43,568.6344102002,tap,lctrl
PFC,PFC034,B2,605,9,44,569.3231644002,stimulus,
PFC,PFC034,B2,605,9,44,569.3704782003,tap,rctrl
PFC,PFC034,B2,606,9,45,570.0731788003,stimulus,
PFC,PFC034,B2,606,9,45,570.1863956000,tap,rctrl
PFC,PFC034,B2,607,9,46,570.8231887002,stimulus,
PFC,PFC034,B2,607,9,46,570.8423020002,tap,rctrl
PFC,PFC034,B2,608,9,47,571.5732038999,stimulus,
PFC,PFC034,B2,608,9,47,571.5944139999,tap,lctrl
PFC,PFC034,B2,608,9,47,572.2984730001,tap,rctrl
PFC,PFC034,B2,609,9,48,572.3232153002,stimulus,
PFC,PFC034,B2,610,9,49,573.0732326000,stimulus,
PFC,PFC034,B2,610,9,49,573.0823999001,tap,lctrl
PFC,PFC034,B2,611,9,50,573.8232452003,stimulus,
PFC,PFC034,B2,611,9,50,573.8342988002,tap,lctrl
PFC,PFC034,B2,611,9,50,574.5704264999,tap,rctrl
PFC,PFC034,B2,612,9,51,574.5732458001,stimulus,
PFC,PFC034,B2,612,9,51,575.2583520003,tap,lctrl
PFC,PFC034,B2,613,9,52,575.3232599003,stimulus,
PFC,PFC034,B2,613,9,52,576.0104827001,tap,rctrl
PFC,PFC034,B2,614,9,53,576.0732804001,stimulus,
PFC,PFC034,B2,614,9,53,576.7943446003,tap,rctrl
PFC,PFC034,B2,615,9,54,576.8232947001,stimulus,
PFC,PFC034,B2,615,9,54,577.5624136999,tap,lctrl
PFC,PFC034,B2,616,9,55,577.5733119999,stimulus,
PFC,PFC034,B2,616,9,55,578.2823814000,tap,rctrl
PFC,PFC034,B2,617,9,56,578.3233505003,stimulus,
PFC,PFC034,B2,617,9,56,579.0184112000,tap,lctrl
PFC,PFC034,B2,618,9,57,579.0733743999,stimulus,
PFC,PFC034,B2,618,9,57,579.7864039000,tap,lctrl
PFC,PFC034,B2,619,9,58,579.8233664003,stimulus,
PFC,PFC034,B2,620,9,59,580.5733898003,stimulus,
PFC,PFC034,B2,620,9,59,580.5863600001,tap,lctrl
PFC,PFC034,B2,621,9,60,581.3234099001,stimulus,
PFC,PFC034,B2,621,9,60,581.3703259001,tap,rctrl
PFC,PFC034,B2,622,9,61,582.0734202000,stimulus,
PFC,PFC034,B2,622,9,61,582.1223416999,tap,lctrl
PFC,PFC034,B2,622,9,61,582.8103947002,tap,rctrl
PFC,PFC034,B2,623,9,62,582.8234252003,stimulus,
PFC,PFC034,B2,623,9,62,583.5303686000,tap,rctrl
PFC,PFC034,B2,624,9,63,583.5734353000,stimulus,
PFC,PFC034,B2,624,9,63,584.2984479000,tap,rctrl
PFC,PFC034,B2,625,9,64,584.3234534003,stimulus,
PFC,PFC034,B2,625,9,64,585.0183983003,tap,rctrl
PFC,PFC034,B2,626,9,65,585.0734799001,stimulus,
PFC,PFC034,B2,627,9,66,585.8234969000,stimulus,
PFC,PFC034,B2,627,9,66,585.8504127003,tap,rctrl
PFC,PFC034,B2,627,9,66,586.5543384999,tap,rctrl
PFC,PFC034,B2,628,9,67,586.5734910001,stimulus,
PFC,PFC034,B2,629,9,68,587.3235167000,stimulus,
PFC,PFC034,B2,629,9,68,587.3864110000,tap,rctrl
PFC,PFC034,B2,630,9,69,588.0735365003,stimulus,
PFC,PFC034,B2,630,9,69,588.1543401000,tap,lctrl
PFC,PFC034,B2,631,9,70,588.8235537000,stimulus,
PFC,PFC034,B2,631,9,70,588.8743639002,tap,rctrl
PFC,PFC034,B2,632,9,71,589.5735702002,stimulus,
PFC,PFC034,B2,632,9,71,589.5943056000,tap,lctrl
PFC,PFC034,B2,633,9,72,590.3235835000,stimulus,
PFC,PFC034,B2,633,9,72,590.3463649000,tap,lctrl
PFC,PFC034,B2,634,9,73,591.0735967001,stimulus,
PFC,PFC034,B2,634,9,73,591.1143942000,tap,rctrl
PFC,PFC034,B2,635,9,73,602.4418283002,probe1,1
PFC,PFC034,B2,635,9,73,604.3766152002,probe2,3
PFC,PFC034,B2,635,9,73,606.3619992002,probe3,0
PFC,PFC034,B2,636,10,1,607.1304470003,stimulus,
PFC,PFC034,B2,637,10,2,607.8803753001,stimulus,
PFC,PFC034,B2,637,10,2,607.8823315003,tap,rctrl
PFC,PFC034,B2,638,10,3,608.6303957002,stimulus,
PFC,PFC034,B2,638,10,3,608.7143546003,tap,lctrl
PFC,PFC034,B2,639,10,4,609.3804279002,stimulus,
PFC,PFC034,B2,639,10,4,609.4664971000,tap,lctrl
PFC,PFC034,B2,640,10,5,610.1304298001,stimulus,
PFC,PFC034,B2,640,10,5,610.1383926002,tap,rctrl
PFC,PFC034,B2,641,10,6,610.8804470003,stimulus,
PFC,PFC034,B2,641,10,6,610.9064182001,tap,lctrl
PFC,PFC034,B2,642,10,7,611.6304804003,stimulus,
PFC,PFC034,B2,642,10,7,611.6423013001,tap,rctrl
PFC,PFC034,B2,643,10,8,612.3804772003,stimulus,
PFC,PFC034,B2,643,10,8,612.4103137003,tap,rctrl
PFC,PFC034,B2,643,10,8,613.1303341002,tap,rctrl
PFC,PFC034,B2,644,10,9,613.1305300002,stimulus,
PFC,PFC034,B2,644,10,9,613.8343370003,tap,lctrl
PFC,PFC034,B2,645,10,10,613.8805507002,stimulus,
PFC,PFC034,B2,646,10,11,614.6305712000,stimulus,
PFC,PFC034,B2,646,10,11,614.6343282000,tap,rctrl
PFC,PFC034,B2,647,10,12,615.3805841999,stimulus,
PFC,PFC034,B2,647,10,12,615.3863516999,tap,lctrl
PFC,PFC034,B2,648,10,13,616.1305944002,stimulus,
PFC,PFC034,B2,648,10,13,616.1543675000,tap,lctrl
PFC,PFC034,B2,649,10,14,616.8806183003,stimulus,
PFC,PFC034,B2,649,10,14,616.8903546003,tap,lctrl
PFC,PFC034,B2,649,10,14,617.6103659002,tap,rctrl
PFC,PFC034,B2,650,10,15,617.6306155003,stimulus,
PFC,PFC034,B2,650,10,15,618.3623152003,tap,lctrl
PFC,PFC034,B2,651,10,16,618.3806337002,stimulus,
PFC,PFC034,B2,651,10,16,619.1143797003,tap,rctrl
PFC,PFC034,B2,652,10,17,619.1306447000,stimulus,
PFC,PFC034,B2,652,10,17,619.8663769001,tap,rctrl
PFC,PFC034,B2,653,10,18,619.8806713000,stimulus,
PFC,PFC034,B2,654,10,19,620.6306828000,stimulus,
PFC,PFC034,B2,654,10,19,620.7143399999,tap,rctrl
PFC,PFC034,B2,654,10,19,621.3704433003,tap,rctrl
PFC,PFC034,B2,655,10,20,621.3806877001,stimulus,
PFC,PFC034,B2,655,10,20,622.1063379003,tap,lctrl
PFC,PFC034,B2,656,10,21,622.1307038004,stimulus,
PFC,PFC034,B2,657,10,22,622.8807302001,stimulus,
PFC,PFC034,B2,657,10,22,622.8904087003,tap,rctrl
PFC,PFC034,B2,658,10,23,623.6307445001,stimulus,
PFC,PFC034,B2,658,10,23,623.6422953000,tap,lctrl
PFC,PFC034,B2,658,10,23,624.3623239002,tap,lctrl
PFC,PFC034,B2,659,10,24,624.3807526003,stimulus,
PFC,PFC034,B2,660,10,25,625.1307723001,stimulus,
PFC,PFC034,B2,660,10,25,625.1622974002,tap,lctrl
PFC,PFC034,B2,661,10,26,625.8807872003,stimulus,
PFC,PFC034,B2,661,10,26,625.9303343003,tap,rctrl
PFC,PFC034,B2,662,10,27,626.6308118002,stimulus,
PFC,PFC034,B2,662,10,27,626.6503083003,tap,lctrl
PFC,PFC034,B2,662,10,27,627.3703280003,tap,rctrl
PFC,PFC034,B2,663,10,28,627.3808063003,stimulus,
PFC,PFC034,B2,664,10,29,628.1308292001,stimulus,
PFC,PFC034,B2,664,10,29,628.1383811003,tap,rctrl
PFC,PFC034,B2,664,10,29,628.8743003001,tap,lctrl
PFC,PFC034,B2,665,10,30,628.8808277999,stimulus,
PFC,PFC034,B2,666,10,31,629.6308547002,stimulus,
PFC,PFC034,B2,666,10,31,629.6423329003,tap,rctrl
PFC,PFC034,B2,667,10,32,630.3808678002,stimulus,
PFC,PFC034,B2,667,10,32,630.4103020001,tap,lctrl
PFC,PFC034,B2,668,10,33,631.1308826003,stimulus,
PFC,PFC034,B2,668,10,33,631.1623156001,tap,lctrl
PFC,PFC034,B2,668,10,33,631.8663149001,tap,lctrl
PFC,PFC034,B2,669,10,34,631.8808937003,stimulus,
PFC,PFC034,B2,669,10,34,632.6183352000,tap,rctrl
PFC,PFC034,B2,670,10,35,632.6309023001,stimulus,
PFC,PFC034,B2,671,10,36,633.3809332000,stimulus,
PFC,PFC034,B2,671,10,36,633.4022806999,tap,lctrl
PFC,PFC034,B2,672,10,37,634.1309400001,stimulus,
PFC,PFC034,B2,672,10,37,634.1544353999,tap,rctrl
PFC,PFC034,B2,672,10,37,634.8743219003,tap,lctrl
PFC,PFC034,B2,673,10,38,634.8809460001,stimulus,
PFC,PFC034,B2,673,10,38,635.6104337000,tap,lctrl
PFC,PFC034,B2,674,10,39,635.6309608002,stimulus,
PFC,PFC034,B2,674,10,39,636.3463482000,tap,rctrl
PFC,PFC034,B2,675,10,40,636.3809754001,stimulus,
PFC,PFC034,B2,676,10,41,637.1309994003,stimulus,
PFC,PFC034,B2,676,10,41,637.1623484003,tap,lctrl
PFC,PFC034,B2,677,10,42,637.8810743000,stimulus,
PFC,PFC034,B2,677,10,42,637.9303908003,tap,rctrl
PFC,PFC034,B2,678,10,43,638.6310568000,stimulus,
PFC,PFC034,B2,678,10,43,638.6982867001,tap,lctrl
PFC,PFC034,B2,679,10,44,639.3810669002,stimulus,
PFC,PFC034,B2,679,10,44,639.4182965001,tap,rctrl
PFC,PFC034,B2,680,10,45,640.1310812002,stimulus,
PFC,PFC034,B2,680,10,45,640.1383497003,tap,lctrl
PFC,PFC034,B2,681,10,46,640.8810935002,stimulus,
PFC,PFC034,B2,681,10,46,640.8902787999,tap,rctrl
PFC,PFC034,B2,682,10,47,641.6311049000,stimulus,
PFC,PFC034,B2,682,10,47,641.6903057001,tap,rctrl
PFC,PFC034,B2,683,10,48,642.3811182003,stimulus,
PFC,PFC034,B2,683,10,48,642.4263328002,tap,rctrl
PFC,PFC034,B2,684,10,49,643.1311369003,stimulus,
PFC,PFC034,B2,684,10,49,643.1463339999,tap,lctrl
PFC,PFC034,B2,685,10,50,643.8811453003,stimulus,
PFC,PFC034,B2,685,10,50,643.9142678999,tap,rctrl
PFC,PFC034,B2,685,10,50,644.5863023000,tap,lctrl
PFC,PFC034,B2,686,10,51,644.6311544999,stimulus,
PFC,PFC034,B2,686,10,51,645.3702889001,tap,lctrl
PFC,PFC034,B2,687,10,52,645.3811573000,stimulus,
PFC,PFC034,B2,687,10,52,646.1223750999,tap,lctrl
PFC,PFC034,B2,688,10,53,646.1311719003,stimulus,
PFC,PFC034,B2,688,10,53,646.8583551999,tap,rctrl
PFC,PFC034,B2,689,10,54,646.8811943000,stimulus,
PFC,PFC034,B2,689,10,54,647.6263712002,tap,lctrl
PFC,PFC034,B2,690,10,55,647.6312035001,stimulus,
PFC,PFC034,B2,691,10,56,648.3812214001,stimulus,
PFC,PFC034,B2,691,10,56,648.4423974003,tap,rctrl
PFC,PFC034,B2,692,10,57,649.1312333001,stimulus,
PFC,PFC034,B2,692,10,57,649.2423453000,tap,rctrl
PFC,PFC034,B2,693,10,58,649.8812476001,stimulus,
PFC,PFC034,B2,693,10,58,649.9463114003,tap,rctrl
PFC,PFC034,B2,694,10,59,650.6312635001,stimulus,
PFC,PFC034,B2,694,10,59,650.6503840000,tap,rctrl
PFC,PFC034,B2,695,10,60,651.3812790001,stimulus,
PFC,PFC034,B2,695,10,60,651.4023453002,tap,lctrl
PFC,PFC034,B2,695,10,60,652.1222516000,tap,rctrl
PFC,PFC034,B2,696,10,61,652.1312793000,stimulus,
PFC,PFC034,B2,697,10,62,652.8813097002,stimulus,
PFC,PFC034,B2,697,10,62,652.8903513001,tap,lctrl
PFC,PFC034,B2,698,10,63,653.6313260002,stimulus,
PFC,PFC034,B2,698,10,63,653.6583310002,tap,lctrl
PFC,PFC034,B2,699,10,64,654.3813348003,stimulus,
PFC,PFC034,B2,699,10,64,654.4423909001,tap,lctrl
PFC,PFC034,B2,700,10,65,655.1313607004,stimulus,
PFC,PFC034,B2,700,10,65,655.1783321002,tap,rctrl
PFC,PFC034,B2,701,10,66,655.8813668001,stimulus,
PFC,PFC034,B2,701,10,66,655.9142983002,tap,lctrl
PFC,PFC034,B2,702,10,67,656.6313817003,stimulus,
PFC,PFC034,B2,702,10,67,656.6503042001,tap,rctrl
PFC,PFC034,B2,703,10,68,657.3813980999,stimulus,
PFC,PFC034,B2,703,10,68,657.3863278003,tap,rctrl
PFC,PFC034,B2,703,10,68,658.0903123999,tap,lctrl
PFC,PFC034,B2,704,10,69,658.1314031002,stimulus,
PFC,PFC034,B2,704,10,69,658.8743220000,tap,rctrl
PFC,PFC034,B2,705,10,70,658.8814115999,stimulus,
PFC,PFC034,B2,705,10,70,659.6102662999,tap,lctrl
PFC,PFC034,B2,706,10,71,659.6314229001,stimulus,
PFC,PFC034,B2,706,10,71,660.3462535003,tap,lctrl
PFC,PFC034,B2,707,10,72,660.3814445003,stimulus,
PFC,PFC034,B2,707,10,72,661.0823694002,tap,rctrl
PFC,PFC034,B2,708,10,73,661.1314782002,stimulus,
PFC,PFC034,B2,708,10,73,661.8343489999,tap,lctrl
PFC,PFC034,B2,709,10,74,661.8814784000,stimulus,
PFC,PFC034,B2,709,10,74,662.6022814000,tap,rctrl
PFC,PFC034,B2,710,10,75,662.6314842999,stimulus,
PFC,PFC034,B2,711,10,76,663.3815131001,stimulus,
PFC,PFC034,B2,711,10,76,663.4022940001,tap,rctrl
PFC,PFC034,B2,712,10,77,664.1315335003,stimulus,
PFC,PFC034,B2,712,10,77,664.2182732001,tap,rctrl
PFC,PFC034,B2,713,10,78,664.8815406002,stimulus,
PFC,PFC034,B2,713,10,78,664.9702961002,tap,rctrl
PFC,PFC034,B2,714,10,79,665.6315607000,stimulus,
PFC,PFC034,B2,714,10,79,665.6583097000,tap,lctrl
PFC,PFC034,B2,714,10,79,666.3622931000,tap,rctrl
PFC,PFC034,B2,715,10,80,666.3815632001,stimulus,
PFC,PFC034,B2,716,10,81,667.1315951999,stimulus,
PFC,PFC034,B2,716,10,81,667.1622643000,tap,lctrl
PFC,PFC034,B2,717,10,82,667.8816044000,stimulus,
PFC,PFC034,B2,717,10,82,667.8983141002,tap,lctrl
PFC,PFC034,B2,718,10,83,668.6316199000,stimulus,
PFC,PFC034,B2,718,10,83,668.6663183002,tap,rctrl
PFC,PFC034,B2,719,10,84,669.3816281003,stimulus,
PFC,PFC034,B2,719,10,84,669.4503069003,tap,lctrl
PFC,PFC034,B2,720,10,84,673.0829101000,probe1,3
PFC,PFC034,B2,720,10,84,675.8859898001,probe2,0
PFC,PFC034,B2,720,10,84,678.0203815000,probe3,0
PFC,PFC034,B2,721,11,1,678.7874797001,stimulus,
PFC,PFC034,B2,721,11,1,679.0503028003,tap,rctrl
PFC,PFC034,B2,722,11,2,679.5374628999,stimulus,
PFC,PFC034,B2,722,11,2,679.6423180001,tap,lctrl
PFC,PFC034,B2,723,11,3,680.2874884000,stimulus,
PFC,PFC034,B2,723,11,3,680.3142728000,tap,rctrl
PFC,PFC034,B2,723,11,3,680.9862748003,tap,lctrl
PFC,PFC034,B2,724,11,4,681.0374936000,stimulus,
PFC,PFC034,B2,725,11,5,681.7875212003,stimulus,
PFC,PFC034,B2,725,11,5,681.8023291002,tap,lctrl
PFC,PFC034,B2,726,11,6,682.5375252999,stimulus,
PFC,PFC034,B2,726,11,6,682.6023174999,tap,lctrl
PFC,PFC034,B2,727,11,7,683.2875436000,stimulus,
PFC,PFC034,B2,727,11,7,683.3222682001,tap,rctrl
PFC,PFC034,B2,727,11,7,684.0102398000,tap,lctrl
PFC,PFC034,B2,728,11,8,684.0375477001,stimulus,
PFC,PFC034,B2,728,11,8,684.7463455000,tap,rctrl
PFC,PFC034,B2,729,11,9,684.7875576001,stimulus,
PFC,PFC034,B2,730,11,10,685.5375753003,stimulus,
PFC,PFC034,B2,730,11,10,685.5463590003,tap,rctrl
PFC,PFC034,B2,730,11,10,686.2822957002,tap,lctrl
PFC,PFC034,B2,731,11,11,686.2875836003,stimulus,
PFC,PFC034,B2,731,11,11,687.0182501003,tap,rctrl
PFC,PFC034,B2,732,11,12,687.0376037001,stimulus,
PFC,PFC034,B2,733,11,13,687.7876301999,stimulus,
PFC,PFC034,B2,733,11,13,687.8182789003,tap,lctrl
PFC,PFC034,B2,734,11,14,688.5376403001,stimulus,
PFC,PFC034,B2,734,11,14,688.5702744001,tap,lctrl
PFC,PFC034,B2,735,11,15,689.2876540003,stimulus,
PFC,PFC034,B2,735,11,15,689.3542912002,tap,lctrl
PFC,PFC034,B2,736,11,16,690.0376723004,stimulus,
PFC,PFC034,B2,736,11,16,690.0422546002,tap,lctrl
PFC,PFC034,B2,736,11,16,690.7783278003,tap,lctrl
PFC,PFC034,B2,737,11,17,690.7876805002,stimulus,
PFC,PFC034,B2,738,11,18,691.5376993003,stimulus,
PFC,PFC034,B2,738,11,18,691.5462957001,tap,rctrl
PFC,PFC034,B2,739,11,19,692.2877306002,stimulus,
PFC,PFC034,B2,739,11,19,692.3622576999,tap,rctrl
PFC,PFC034,B2,740,11,20,693.0377323003,stimulus,
PFC,PFC034,B2,740,11,20,693.0822622003,tap,lctrl
PFC,PFC034,B2,740,11,20,693.7863056003,tap,rctrl
PFC,PFC034,B2,741,11,21,693.7877381002,stimulus,
PFC,PFC034,B2,741,11,21,694.4902745001,tap,lctrl
PFC,PFC034,B2,742,11,22,694.5377646000,stimulus,
PFC,PFC034,B2,743,11,23,695.2877884000,stimulus,
PFC,PFC034,B2,743,11,23,695.3062457000,tap,lctrl
PFC,PFC034,B2,744,11,24,696.0378028001,stimulus,
PFC,PFC034,B2,744,11,24,696.0422632000,tap,rctrl
PFC,PFC034,B2,744,11,24,696.7462563002,tap,rctrl
PFC,PFC034,B2,745,11,25,696.7878092001,stimulus,
PFC,PFC034,B2,746,11,26,697.5378315002,stimulus,
PFC,PFC034,B2,746,11,26,697.5462805000,tap,rctrl
PFC,PFC034,B2,747,11,27,698.2878507003,stimulus,
PFC,PFC034,B2,747,11,27,698.3303056001,tap,rctrl
PFC,PFC034,B2,748,11,28,699.0378639000,stimulus,
PFC,PFC034,B2,748,11,28,699.0822974001,tap,lctrl
PFC,PFC034,B2,749,11,29,699.7878756002,stimulus,
PFC,PFC034,B2,749,11,29,699.8822956001,tap,rctrl
PFC,PFC034,B2,750,11,30,700.5378899002,stimulus,
PFC,PFC034,B2,750,11,30,700.5542488000,tap,rctrl
PFC,PFC034,B2,751,11,31,701.2879051999,stimulus,
PFC,PFC034,B2,751,11,31,701.3062476004,tap,lctrl
PFC,PFC034,B2,752,11,32,702.0379182003,stimulus,
PFC,PFC034,B2,752,11,32,702.1062729000,tap,rctrl
PFC,PFC034,B2,753,11,33,702.7879436002,stimulus,
PFC,PFC034,B2,753,11,33,702.8743566000,tap,lctrl
PFC,PFC034,B2,754,11,34,703.5379531002,stimulus,
PFC,PFC034,B2,754,11,34,703.5782784000,tap,lctrl
PFC,PFC034,B2,755,11,35,704.2879702002,stimulus,
PFC,PFC034,B2,755,11,35,704.2982982001,tap,rctrl
PFC,PFC034,B2,755,11,35,704.9862508001,tap,lctrl
PFC,PFC034,B2,756,11,36,705.0379772000,stimulus,
PFC,PFC034,B2,756,11,36,705.7062917002,tap,rctrl
PFC,PFC034,B2,757,11,37,705.7879916001,stimulus,
PFC,PFC034,B2,757,11,37,706.5222662003,tap,rctrl
PFC,PFC034,B2,758,11,38,706.5380069003,stimulus,
PFC,PFC034,B2,758,11,38,707.2262556003,tap,rctrl
PFC,PFC034,B2,759,11,39,707.2880275003,stimulus,
PFC,PFC034,B2,760,11,40,708.0380426003,stimulus,
PFC,PFC034,B2,760,11,40,708.0742612001,tap,lctrl
PFC,PFC034,B2,760,11,40,708.7463337001,tap,lctrl
PFC,PFC034,B2,761,11,41,708.7880422003,stimulus,
PFC,PFC034,B2,761,11,41,708.8423294001,tap,rctrl
PFC,PFC034,B2,762,11,42,709.5380751002,stimulus,
PFC,PFC034,B2,762,11,42,709.6263667000,tap,lctrl
PFC,PFC034,B2,763,11,43,710.2880824003,stimulus,
PFC,PFC034,B2,763,11,43,710.3462165003,tap,lctrl
PFC,PFC034,B2,764,11,44,711.0380988000,stimulus,
PFC,PFC034,B2,764,11,44,711.1142891003,tap,lctrl
PFC,PFC034,B2,765,11,45,711.7881142003,stimulus,
PFC,PFC034,B2,765,11,45,711.8502529999,tap,lctrl
PFC,PFC034,B2,766,11,46,712.5381285003,stimulus,
PFC,PFC034,B2,766,11,46,712.5862942003,tap,rctrl
PFC,PFC034,B2,767,11,47,713.2881433000,stimulus,
PFC,PFC034,B2,767,11,47,713.3222638001,tap,lctrl
PFC,PFC034,B2,768,11,48,714.0381525001,stimulus,
PFC,PFC034,B2,768,11,48,714.0743763000,tap,rctrl
PFC,PFC034,B2,769,11,49,714.7881697002,stimulus,
PFC,PFC034,B2,769,11,49,714.8422838999,tap,rctrl
PFC,PFC034,B2,770,11,50,715.5381881003,stimulus,
PFC,PFC034,B2,770,11,50,715.5622431003,tap,rctrl
PFC,PFC034,B2,771,11,51,716.2882043002,stimulus,
PFC,PFC034,B2,771,11,51,716.2982005002,tap,lctrl
PFC,PFC034,B2,771,11,51,717.0182603002,tap,rctrl
PFC,PFC034,B2,772,11,52,717.0382028003,stimulus,
PFC,PFC034,B2,773,11,53,717.7882373002,stimulus,
PFC,PFC034,B2,773,11,53,717.8342859000,tap,lctrl
PFC,PFC034,B2,774,11,54,718.5382519001,stimulus,
PFC,PFC034,B2,774,11,54,718.5862910999,tap,lctrl
PFC,PFC034,B2,775,11,55,719.2882643002,stimulus,
PFC,PFC034,B2,775,11,55,719.3542745002,tap,lctrl
PFC,PFC034,B2,776,11,56,720.0382764000,stimulus,
PFC,PFC034,B2,776,11,56,720.1382721001,tap,lctrl
PFC,PFC034,B2,777,11,57,720.7882910003,stimulus,
PFC,PFC034,B2,777,11,57,720.7942391001,tap,rctrl
PFC,PFC034,B2,777,11,57,721.5142506999,tap,lctrl
PFC,PFC034,B2,778,11,58,721.5382972001,stimulus,
PFC,PFC034,B2,779,11,59,722.2883192999,stimulus,
PFC,PFC034,B2,779,11,59,722.3462208002,tap,rctrl
PFC,PFC034,B2,780,11,60,723.0383363999,stimulus,
PFC,PFC034,B2,780,11,60,723.0982393003,tap,lctrl
PFC,PFC034,B2,781,11,61,723.7883443004,stimulus,
PFC,PFC034,B2,781,11,61,723.8981957003,tap,rctrl
PFC,PFC034,B2,782,11,62,724.5383580001,stimulus,
PFC,PFC034,B2,782,11,62,724.5702599003,tap,rctrl
PFC,PFC034,B2,783,11,63,725.2883699001,stimulus,
PFC,PFC034,B2,783,11,63,725.3382701003,tap,rctrl
PFC,PFC034,B2,784,11,64,726.0383843002,stimulus,
PFC,PFC034,B2,784,11,64,726.1382571002,tap,lctrl
PFC,PFC034,B2,785,11,65,726.7883999003,stimulus,
PFC,PFC034,B2,785,11,65,726.8422374004,tap,rctrl
PFC,PFC034,B2,786,11,66,727.5384152001,stimulus,
PFC,PFC034,B2,786,11,66,727.6102229999,tap,lctrl
PFC,PFC034,B2,787,11,67,728.2884284002,stimulus,
PFC,PFC034,B2,787,11,67,728.3622389003,tap,lctrl
PFC,PFC034,B2,788,11,68,729.0384475002,stimulus,
PFC,PFC034,B2,788,11,68,729.1143678003,tap,lctrl
PFC,PFC034,B2,789,11,69,729.7884554002,stimulus,
PFC,PFC034,B2,789,11,69,729.8182757003,tap,lctrl
PFC,PFC034,B2,790,11,70,730.5384706003,stimulus,
PFC,PFC034,B2,790,11,70,730.5702868002,tap,lctrl
PFC,PFC034,B2,791,11,71,731.2884805002,stimulus,
PFC,PFC034,B2,791,11,71,731.3062825003,tap,rctrl
PFC,PFC034,B2,792,11,72,732.0384950000,stimulus,
PFC,PFC034,B2,792,11,72,732.0582614001,tap,rctrl
PFC,PFC034,B2,793,11,73,732.7885044003,stimulus,
PFC,PFC034,B2,793,11,73,732.8102758001,tap,lctrl
PFC,PFC034,B2,794,11,74,733.5385190002,stimulus,
PFC,PFC034,B2,794,11,74,733.5462652999,tap,rctrl
PFC,PFC034,B2,795,11,75,734.2885294999,stimulus,
PFC,PFC034,B2,795,11,75,734.3623071001,tap,lctrl
PFC,PFC034,B2,796,11,76,735.0385387000,stimulus,
PFC,PFC034,B2,796,11,76,735.0663052001,tap,rctrl
PFC,PFC034,B2,797,11,77,735.7885560002,stimulus,
PFC,PFC034,B2,797,11,77,735.8502547001,tap,rctrl
PFC,PFC034,B2,798,11,78,736.5385701000,stimulus,
PFC,PFC034,B2,798,11,78,736.5703509003,tap,rctrl
PFC,PFC034,B2,799,11,79,737.2885811999,stimulus,
PFC,PFC034,B2,799,11,79,737.3702412001,tap,rctrl
PFC,PFC034,B2,799,11,79,738.0263784002,tap,lctrl
PFC,PFC034,B2,800,11,79,742.3569743000,probe1,2
PFC,PFC034,B2,800,11,79,745.4746958003,probe2,0
PFC,PFC034,B2,800,11,79,751.0627763001,probe3,1
